1777.9,380.91,3.5276,57.951,5.0408,-12.245,-10.318,-3.7161,4.8625,-6.9726,-2.7889,2.5683,-2.9744,1.1463,-2.661,0.58624,1.6422,-0.37468,-1.9509,2.2326,-0.75463,2.4864,-1.8967,-2.0767,1.7264,0.83389,-0.13564,0.91833,-0.52513,-0.74723,0.95913,0.9354,-1.3753,-0.14333,0.55113,-0.79499,-1.0676,-0.61815,-0.46683,0.74788,0.45638,-0.56533,-1.3246,1.1075,-1.4146,-0.25848,-0.65859,-0.38767,-0.059078,0.069299,-0.60648,0.21359,-0.24494,0.67807,-1.0404,0.33097,-0.0038541,0.26498,0.17817,0.17069,0.081144,-0.72889,0.28079,-0.06413,0.22471,-0.20908,0.22711,-0.22885,0.34539,-0.30389,-0.64499,0.1276,-0.8637,-0.59291,-0.22504,-0.031906,-0.60905,-0.24258,0.30536,0.052635,-0.21107,0.245,0.25943,-0.35452,-0.20465,0.69066,0.27784,0.13022,0.11084,-0.42825,0.44694,0.027014,-0.076616,-0.073898,-0.38004,0.25043,0.093481,0.38833,0.75443,0.024413,0.24721,0.10129,0.16702,0.16593,0.39033,0.20547,0.22045,-0.12524,-0.12028,-0.18054,-0.21557,0.18904,-0.10722,0.051949,-0.065054,-0.39043,-0.27227,-0.29232,0.51877,0.097019
380.91,650.37,-103.3,-36.928,0.5448,-3.0044,0.72764,-1.6575,2.3962,-1.9764,1.036,-0.85644,-0.14855,-0.69907,-0.3818,0.46505,0.36448,-0.78888,-0.31536,-1.0862,-0.48592,-0.19819,1.6451,1.491,-0.27865,-0.28211,0.028194,0.15418,-0.11254,0.41099,-0.25562,-0.45823,0.37954,-0.42253,0.045715,0.44344,0.69911,-0.0048134,-0.25733,0.23326,0.19832,-0.63945,-0.42661,-0.07037,-0.81046,-0.17271,-0.016616,-0.068346,-0.42555,0.44705,0.44124,-0.68671,-0.13559,0.31911,-0.11085,0.089522,-0.082423,0.12579,-0.30638,-0.27279,-0.27074,0.14224,-0.076776,0.10859,0.0084174,-0.42376,0.14563,-0.39998,-0.055818,-0.15523,0.13624,0.19401,0.30238,-0.20882,-0.44574,0.3116,0.70936,0.31198,-0.20826,0.17711,0.37522,-0.1438,-0.081411,0.32944,-0.24073,0.034046,-0.32458,0.074273,0.021366,0.05636,0.19437,-0.13189,-0.17127,0.36411,0.052434,-0.16596,0.0041393,-0.075716,0.18053,-0.12521,0.17369,0.15999,0.25053,-0.095408,0.23301,-0.53228,0.04129,-0.2557,0.19894,-0.07671,0.092789,0.19944,0.17786,-0.077451,0.26736,0.12856,0.24547,-0.10288,-0.17594,-0.15303
3.5276,-103.3,614.11,73.56,-3.2813,-0.40327,-1.3988,-0.55998,-1.2064,-0.81638,-1.3712,1.8813,-1.6898,0.29019,0.43558,0.088898,0.098585,1.0802,-0.99237,0.050724,-0.52813,0.21072,0.10956,-0.72279,0.37716,0.68973,0.078132,0.064508,0.14808,-1.1744,0.49286,0.39083,0.082332,0.16283,0.54719,-0.47373,-0.26479,0.2125,-0.10638,0.2745,-0.60396,-0.27102,0.08216,-0.028269,-0.0643,0.52453,-0.52555,0.5848,-0.024153,-0.08472,-0.30348,0.35036,-0.20497,-0.17089,-0.10549,-0.018031,-0.20833,-0.4285,-0.31289,-0.07105,-0.122,-0.15004,0.10396,-0.2234,0.028284,-0.34989,0.029572,-0.13802,0.0089374,0.469,-0.24435,0.28535,-0.01135,-0.58503,0.014396,-0.75812,0.065907,-0.34753,0.030602,0.095234,-0.32742,0.10977,-0.061123,-0.041792,-0.23335,0.11046,0.05195,-0.056999,-0.19137,-0.07878,-0.19477,0.18025,0.14007,-0.011819,0.43126,-0.096644,-0.13212,-0.10475,0.052027,0.13788,-0.12227,-0.17041,0.22922,-0.07468,0.30172,0.23605,-0.0042818,-0.081335,0.24213,-0.058917,-0.30118,-0.27434,0.19803,-0.021295,-0.34123,-0.0070083,0.13347,-0.25516,-0.25834,-0.085001
57.951,-36.928,73.56,396.86,-4.2196,-1.2302,2.7323,-0.57445,-1.0361,0.10493,-0.17482,1.2131,-0.075633,-0.27457,-0.86937,0.88313,0.71445,-0.85599,-0.55258,-0.26397,-0.14866,1.1569,0.72073,0.73044,0.32251,0.27067,-0.52025,0.059693,0.35435,0.27291,-0.37752,-0.30421,0.030217,0.0011379,0.41704,-0.15856,-0.29967,0.12629,-0.27564,-0.17963,0.18418,0.62065,0.17577,0.21863,-0.13285,0.17688,0.12169,0.14578,-0.046222,-0.15041,0.74406,0.62425,-0.32293,-0.099399,-0.53715,0.073502,0.36286,-0.11886,-0.64077,0.23647,0.07388,-0.60575,-0.11524,0.27856,0.20085,0.28027,-0.19907,0.35815,0.3621,-0.31177,0.55359,-0.27963,0.17691,0.41813,-0.26358,0.027384,0.5766,0.53845,0.11914,-0.093744,-0.076575,0.15678,0.16543,0.15547,-0.25523,0.087613,0.037945,-0.18554,0.30591,-0.1403,0.083278,0.1005,0.16093,0.12894,-0.17342,-0.021878,-0.12713,0.032312,0.17299,-0.2021,0.064802,-0.087627,-0.021095,0.069162,-0.010038,2.4041e-05,0.031434,-0.079392,-0.085921,-0.10953,0.051931,0.16661,-0.083466,0.006336,-0.010103,-0.29136,-0.0032624,-0.067916,-0.23941,0.054208
5.0408,0.5448,-3.2813,-4.2196,36.291,-1.03,-0.37638,-0.028444,0.49072,-0.67815,-0.44585,0.52293,-0.38404,0.199,-0.02431,0.10061,-0.097283,-0.10722,-0.083061,0.012008,0.0053904,-0.0097941,-0.24447,-0.20801,0.20297,0.083282,-0.19821,-0.28152,0.020285,-0.080476,0.044033,0.00076363,-0.09432,0.24204,-0.029508,-0.035627,-0.091716,-0.0012636,-0.0051322,0.00023111,0.028085,-0.069365,-0.019311,-0.13519,-0.16175,-0.090966,-0.025001,-0.041255,-0.12354,-0.14856,-0.12678,0.12701,0.25777,-0.0094073,0.080317,0.070862,-0.085195,0.058994,-0.028913,0.010939,-0.065735,0.003333,0.018289,0.00018232,0.0021984,-0.0010947,0.0072916,0.05034,-0.0087911,-0.004832,0.014724,0.016826,-0.014658,0.020015,0.0061311,-0.02577,0.013444,0.0024716,0.00093824,0.0080555,0.023225,0.042442,-0.016603,-0.0058281,-0.043288,0.037648,0.054863,-0.018708,0.016977,0.020853,-0.049255,0.036826,-0.012597,-0.017463,0.020963,0.0020579,-0.017728,-0.030637,-0.02742,0.00096258,-0.00056517,-0.033893,0.013756,0.016578,-0.014038,0.017507,-0.018319,-0.033351,-0.0082108,0.024194,0.011095,0.010088,-0.00085918,-0.0096864,-0.0035092,-0.025883,0.0082402,0.00018413,-0.018776,-0.0072077
-12.245,-3.0044,-0.40327,-1.2302,-1.03,26.955,-0.357,0.14241,0.60729,-0.45185,-0.15295,0.38902,-0.23342,-0.07169,-0.19682,0.041148,0.23211,-0.032542,-0.099101,-0.032957,0.21233,-0.040746,-0.069066,0.020051,0.19709,0.10246,-0.081285,0.044663,-0.050458,-0.10641,-0.092646,0.10292,-0.055896,0.19388,-0.14372,0.053339,0.020094,0.08267,-0.089118,0.087814,0.05679,-0.052372,-0.037637,-0.095359,-0.041211,-0.089838,0.03884,0.02923,-0.092405,-0.13247,-0.036297,0.077156,0.05403,0.066015,0.061066,-0.0054188,0.058514,-0.021313,-0.045762,0.014341,-0.0068427,-0.044402,-0.00065456,-0.0089077,0.016758,-0.030419,0.016552,0.014228,0.042807,-0.033755,-0.032154,0.020329,-0.020961,-0.027116,-0.043836,-0.045344,0.0080251,0.008424,-0.0079604,0.0068405,0.039008,-0.0082306,0.00684,0.014368,-0.028076,0.039161,0.037408,0.005222,0.028216,-0.014222,-0.025078,0.004344,-0.037495,-0.045878,-0.048852,0.012033,0.014154,0.015244,0.054345,-0.0093485,0.017068,-0.0021124,0.0089374,0.01383,0.025383,-0.021717,0.014166,-0.018233,0.00278,-0.010185,0.02899,0.0082633,0.0092407,0.019508,0.0010161,-0.0061524,0.0063724,-0.0084019,0.0088837,-0.0013477
-10.318,0.72764,-1.3988,2.7323,-0.37638,-0.357,13.928,-0.24289,0.075609,-0.70789,-0.17962,0.24165,-0.28573,0.092708,-0.017437,-0.0073579,0.19273,-0.075723,-0.048335,0.06942,-0.17047,-0.0085069,-0.097995,-0.095469,0.0068892,0.025401,-0.0047525,0.033147,-0.10996,-0.024294,0.068603,0.040597,-0.042875,0.02894,-0.012836,-0.032803,-0.038564,0.014328,-0.042241,0.036892,0.004779,-0.073447,-0.083029,-0.037557,-0.10106,-0.010038,-0.031825,-0.051585,-0.0012349,-0.019473,-0.049477,-0.089228,-0.046954,-0.059544,0.057557,-0.0024983,-0.054447,0.023265,-0.003881,0.046019,-0.077524,-0.047855,-0.048209,-0.004806,-0.00020426,-0.020919,0.024042,-0.0020745,-0.0012466,-0.045853,-0.041595,0.034587,-0.030214,0.041175,-0.023757,0.0069008,-0.0013899,-0.023123,-0.0099917,0.040137,0.032754,0.022213,-0.0073148,-0.0076682,-0.015556,0.0087276,0.0025733,-0.0026689,-0.0022594,-0.015886,0.016348,-0.020681,-0.023302,0.0025184,-0.022276,0.030795,0.0058385,0.041016,0.0077145,0.019139,0.001118,-0.017031,0.0064487,0.013332,-0.020411,-0.024121,-0.0046161,-0.029801,-0.0022624,0.0037284,0.040313,0.01257,0.011018,-0.032022,-0.0047301,0.0023822,0.0051369,0.0078942,0.01738,-0.0092581
-3.7161,-1.6575,-0.55998,-0.57445,-0.028444,0.14241,-0.24289,6.1269,-0.26446,-0.41864,-0.066009,0.24296,-0.069344,0.006136,0.10091,0.039131,0.088415,-0.020349,-0.044867,-0.0024156,0.052166,0.16035,-0.00391,-0.059233,0.069074,-0.037389,0.039432,0.041403,0.032308,-0.015101,0.041129,-0.012254,-0.055385,0.040177,-0.014342,-0.023977,0.030272,0.018987,0.054545,0.0039246,-0.010881,-0.015002,0.04972,-0.067024,0.09581,-0.019767,-0.033018,0.0038913,-0.0079004,0.048652,-0.041863,0.032516,0.01557,0.033225,-0.049365,0.058385,-0.070034,0.010626,-0.041395,0.049819,-0.013189,-0.034084,-0.039481,0.017869,0.012818,-0.02397,-0.0028048,-0.018743,0.0094774,-0.019825,0.0077258,0.01128,-0.00485,-0.0037626,0.012046,-0.0090113,0.0070417,-0.012041,0.013481,-0.0057384,0.014987,-0.0069693,0.0029279,0.0096761,-0.011039,0.035126,0.0021065,0.015734,0.0072344,-0.0070877,-0.00088306,0.0045666,-0.0010244,-0.049652,-0.025638,0.01556,0.012754,0.0017687,-0.0001467,-0.012948,0.011709,-0.0018657,0.013039,-0.0005025,0.010116,0.0018664,-0.011298,-0.0016194,-0.008878,0.0054016,-0.0087966,-0.0041633,0.00060472,0.0085223,-0.00083555,0.0082314,0.0012682,-0.00077697,-0.003411,-0.00074182
4.8625,2.3962,-1.2064,-1.0361,0.49072,0.60729,0.075609,-0.26446,4.9737,0.093472,0.089854,-0.12122,0.14718,0.019043,-0.34508,0.030007,-0.15972,-0.016961,0.10964,0.094869,-0.053166,-0.055125,0.007287,-0.089322,0.017217,-0.034434,0.021784,-0.09445,-0.10963,-0.080327,-0.095685,0.022407,0.057147,0.010771,0.026196,0.010004,-0.010028,0.013742,-0.0081827,0.06047,0.00095383,-0.0097155,-0.070357,0.026086,-0.066687,-0.040669,-0.0275,-0.027266,0.015865,0.02702,0.039135,-0.0025636,-0.020764,-0.017624,0.0038766,0.022911,-0.042114,-0.028986,-0.011527,0.036426,-0.01262,0.038172,-0.005797,0.0097447,0.00035955,-0.014528,0.0085765,0.023864,0.00045452,-0.022819,0.01237,0.0083472,-0.0034992,0.0086979,0.011526,-0.017166,0.0035853,0.016201,0.0086755,0.020387,-0.011398,0.0044908,-0.0095368,-0.002895,0.01427,0.0019241,0.028815,-0.025649,0.019114,0.025327,-0.016935,-0.010667,-0.01423,-0.029823,-0.015208,-0.007112,0.009158,-0.0011571,0.010766,0.0021999,-0.0025547,0.016643,-0.015697,0.011301,-0.0027298,-0.00080469,0.0050426,0.011859,0.0059161,-0.00019853,0.0076024,0.00099267,-0.015237,0.0058853,0.012314,-0.0039049,0.003944,0.014306,-0.0074855,0.0032266
-6.9726,-1.9764,-0.81638,0.10493,-0.67815,-0.45185,-0.70789,-0.41864,0.093472,3.5397,-0.16463,0.2262,-0.48513,0.14663,-0.15881,0.22795,0.16666,0.097272,-0.073703,0.12368,-0.060469,0.065471,-0.039016,-0.18417,0.0024972,0.059929,-0.047827,0.036996,-0.013589,-0.10395,0.10729,0.046139,-0.067843,0.020179,-0.061632,-0.08799,-0.068185,-0.060075,-0.040409,0.016226,-0.030197,-0.056733,-0.031108,-0.096259,-0.028089,-0.019697,-0.042592,-0.018593,0.025467,0.013159,-0.095689,-0.053048,0.021085,0.021211,0.0063818,-0.034791,-0.017688,-0.0018669,-3.2813e-05,0.0068156,-0.049953,-0.0055694,-0.031654,-0.0076417,0.0022228,-0.020463,0.01504,0.013422,0.015983,-0.0034042,-0.016223,0.023436,-0.035497,-0.030977,-0.045454,0.00035109,-0.0011493,-0.0050836,-0.008144,0.0093442,0.0068531,0.019776,0.00073398,0.00039584,-0.0088446,0.017609,0.019465,0.016601,0.0093608,-0.019392,-0.015299,0.0052988,-0.029073,-0.0080139,-0.013212,0.016565,-0.0056076,0.00050018,0.0061395,-0.00023941,0.0078435,0.0058607,0.021994,0.014509,0.0043999,0.013225,-0.022814,-0.0046811,-0.0075181,0.02563,-0.01822,-0.015377,0.012996,0.012355,-0.016355,-0.0034267,0.0039104,0.0041766,-0.0060329,-0.0076509
-2.7889,1.036,-1.3712,-0.17482,-0.44585,-0.15295,-0.17962,-0.066009,0.089854,-0.16463,2.89,0.48311,0.045484,-0.37892,0.2767,-0.030898,0.089214,-0.066583,-0.16138,-0.043135,-0.0077318,0.21073,-0.049397,-0.038793,0.0079988,0.00047636,0.088134,0.019356,-0.096941,0.026177,0.11287,-0.0095293,-0.055345,-0.073557,-0.059477,0.00024665,0.013765,-0.075452,0.012316,-0.04066,0.027421,-0.0048765,0.04777,0.014872,-0.037952,-0.015504,0.0025106,0.017672,0.02564,0.0090245,0.012398,-0.031791,-0.025373,-0.035265,-0.019956,0.0019619,-0.054039,0.0018504,0.019967,-0.018562,-0.00075263,0.016678,0.0080792,0.00283,0.01089,0.021414,-0.0018162,-0.0023786,-0.0063358,-0.010042,0.01072,0.011094,-0.010551,-0.0026445,-0.0095633,-0.0015847,-0.0056543,-0.003963,0.045085,0.024177,-0.036705,0.015302,-0.0043553,-0.0072776,-0.0075118,0.00338,-0.0033064,0.0023424,-0.015565,-0.00033544,0.020466,0.0032006,0.010239,-0.0072191,-0.011568,0.02004,-0.00056534,0.0058396,-0.009084,-0.0030207,-0.0071701,-0.017928,0.0011224,-0.0028389,-0.0061071,0.011233,0.0041204,0.016784,0.0081277,-0.010036,-0.013962,-0.0065055,0.0056231,-0.0033817,0.0034759,0.011024,0.0063549,-0.015719,-1.7666e-05,0.0055324
2.5683,-0.85644,1.8813,1.2131,0.52293,0.38902,0.24165,0.24296,-0.12122,0.2262,0.48311,1.8092,-0.74041,0.018766,-0.013883,-0.29717,-0.21101,0.077501,0.11866,-0.09337,-0.062354,-0.091284,0.022609,0.028875,-0.042798,-0.024663,0.062922,-0.12631,0.051836,0.052983,-0.088835,-0.043577,0.096652,-0.036412,-0.075988,-0.026877,0.044261,0.019952,0.10071,0.020545,0.051643,0.0014373,-0.00038683,0.033251,0.03676,0.048962,0.022436,-0.0095308,-0.041238,-0.022982,0.05156,0.038772,0.0032839,0.0066024,-0.050732,0.061367,-0.0068399,-0.024105,0.014078,0.025902,-0.013693,0.010804,-0.0075701,0.011789,-0.0014895,0.011674,-0.0034357,-0.0091906,0.00075389,-0.0034038,0.0090355,-0.0061012,0.023146,-0.011863,0.025875,0.0066474,0.00053264,-0.00859,-0.021488,-0.032253,0.0031631,0.001873,-0.0026337,0.00087357,0.013198,0.032937,0.0047512,-0.0012201,0.012195,0.0055341,0.0023563,0.023327,-0.0027039,-0.0098371,-0.0063451,-0.0028238,0.0069057,-0.0053229,0.015569,0.00025131,-0.012867,0.010226,0.0040235,-0.0088063,0.0085583,-0.0079126,0.0045058,0.0059985,0.0042397,0.0052379,-0.0056205,-0.0050518,-0.0018439,-0.0088103,-0.0082681,-0.00067557,-0.001307,0.007043,-0.0029497,-0.0013033
-2.9744,-0.14855,-1.6898,-0.075633,-0.38404,-0.23342,-0.28573,-0.069344,0.14718,-0.48513,0.045484,-0.74041,1.3918,0.011658,0.14015,0.27743,0.16466,0.03709,-0.019054,0.097616,0.034619,0.10632,-0.041625,-0.032203,0.075896,-0.027879,0.023217,0.036248,0.02534,0.075777,0.073431,-0.012375,-0.15505,0.011774,-0.0080407,0.052867,-0.054142,-0.071397,0.071398,-0.024525,-0.014473,0.0029368,0.055462,0.0057926,0.049618,-0.0028158,0.02796,0.053832,-0.066781,-0.072471,0.0051051,0.0071166,-0.025487,0.036906,0.0036196,0.022538,-0.041209,0.02108,0.0022198,0.0082307,0.00058321,-0.023084,0.0057815,-0.010948,0.0085654,-0.010847,0.00031409,0.0053321,0.026078,-0.0096224,-0.017608,0.015929,-0.0069337,0.011646,-0.0088325,-0.013075,0.012611,-0.015561,0.0050868,-0.025235,-0.0077169,0.014667,0.011447,-0.013538,0.00026257,-0.0051356,0.00069552,-0.011936,0.00020265,-0.0028181,0.0053185,-0.019851,-0.00097052,-0.01673,0.0036201,0.016725,-0.0015508,-0.0007412,-0.013547,-0.016823,0.006281,-0.012054,0.0031859,-0.0077927,-0.0074921,-0.0029383,0.00030213,0.0030277,0.011798,0.004667,0.014371,0.0049115,-0.0028197,-0.0065963,0.0011618,-0.010565,-0.005013,-0.0080845,-0.012847,-0.0058725
1.1463,-0.69907,0.29019,-0.27457,0.199,-0.07169,0.092708,0.006136,0.019043,0.14663,-0.37892,0.018766,0.011658,2.0405,0.4639,-0.26679,-0.058965,-0.018249,-0.10782,-0.1068,0.018809,0.11195,-0.016381,0.059759,-0.0036344,0.016312,-0.0016013,0.046637,-0.030476,0.070244,0.05451,-0.040852,-0.086862,-0.036761,-3.4391e-05,0.02179,0.010736,0.0042144,-0.012384,-0.029382,0.032093,-0.025314,-0.021873,0.00063058,0.013385,0.044398,-0.011223,-0.0017106,-0.0031468,0.020308,0.0047944,-0.0017109,0.0144,-0.02861,-0.045618,-0.0077178,0.04993,-0.017617,-0.0045544,-0.014895,0.0052247,-0.0010848,0.019091,0.0032737,0.0040356,0.027019,-0.022662,0.0041217,-0.004854,0.015764,0.00086823,-0.0020031,0.018945,-0.0087056,0.00431,-0.015759,0.0078994,-0.0025182,0.0098567,-0.01235,0.022595,-0.008987,0.0055865,-0.00044622,0.0068314,-0.016114,0.00099639,0.0085667,-0.0070174,-0.021002,-0.0078033,-0.013209,-0.00068479,-0.0057581,0.016772,0.0013314,0.0011594,-0.0076136,0.015731,-0.00048523,-0.017252,-0.0089663,0.0032697,0.0038038,-0.0064294,-0.014893,0.0032611,0.0023893,0.00043023,-0.0087195,0.00025554,0.0026035,-0.0026275,-0.0027445,-0.0066082,-0.0079828,-0.015324,-0.002517,0.00028155,0.00047536
-2.661,-0.3818,0.43558,-0.86937,-0.02431,-0.19682,-0.017437,0.10091,-0.34508,-0.15881,0.2767,-0.013883,0.14015,0.4639,1.6679,0.49513,-0.034251,0.048921,0.15548,0.13727,-0.058391,-0.15301,-0.053301,-0.068832,-0.0043032,-0.098645,-0.0091921,-0.065578,0.07375,-0.078535,-0.073526,0.036328,0.22993,-0.046327,-0.043609,-0.032336,-0.022665,0.0070016,0.03057,0.058712,-0.056091,0.031355,0.02851,-0.0057095,0.023464,0.0056771,0.0068535,-0.023766,0.00019575,-0.044973,0.018514,-0.017383,-0.020796,-0.0079605,-0.01532,-0.040751,-0.024603,-0.00030655,0.0088231,-0.022628,-0.019056,0.041078,-0.0085,0.0055763,-0.0053301,-0.0090049,0.0056748,0.021386,0.021658,-0.0022271,0.016639,0.021412,0.0011404,0.0020418,0.011254,0.013329,-0.02422,0.013411,0.0035818,-0.014243,-0.0065181,-0.0030308,-0.0074974,-0.0091548,-0.0081894,0.0077304,0.006392,0.011163,0.014844,0.01468,-0.0074004,0.0066826,-0.011096,-0.00033749,-0.021375,-0.021952,-0.012321,-0.0076865,0.0040934,0.0045557,0.0056018,0.022225,-0.0057435,0.0063063,-0.0078734,0.0039424,-0.0045182,0.0024619,-0.0015505,-0.0048603,-0.011313,-0.0033004,-0.0031548,0.014291,0.010759,0.011776,0.014873,0.0051157,0.0058763,-0.001184
0.58624,0.46505,0.088898,0.88313,0.10061,0.041148,-0.0073579,0.039131,0.030007,0.22795,-0.030898,-0.29717,0.27743,-0.26679,0.49513,0.76193,-0.29831,-0.014391,0.004812,0.14295,-0.073831,-0.036348,0.042412,-0.067291,0.10079,0.17698,-0.018429,0.044706,0.031202,-0.059162,0.010871,0.034636,0.037573,-0.0062305,-0.020285,-0.036746,-0.054026,-0.022089,0.033463,0.043188,-0.012955,-0.014938,-0.0061864,-0.063599,-0.040647,-0.050261,-0.0070612,-0.034294,-0.012524,-0.047975,-0.03439,-0.062445,0.0040087,0.027761,0.0099578,0.050106,0.033211,0.0021616,0.0093334,0.0055747,-0.0017364,0.010965,-0.014039,-0.0079626,-0.0026758,-0.0094178,0.0072518,0.026744,0.019238,-0.010694,0.0051453,0.016698,-0.014059,-0.0018662,-0.0074164,0.011058,-0.001443,-0.010275,-0.0025415,0.0012853,0.0037568,0.0088976,-2.5452e-05,0.0013656,-0.013802,0.0046568,0.0039912,-0.0029596,-0.0025416,0.0093349,0.015107,-0.0007854,-0.030473,-0.00183,-0.018929,-0.0010384,0.024303,-0.0099392,-0.0028492,0.0073114,0.0067236,-0.0094887,-0.0035294,-0.0086647,-0.00169,0.0071871,0.0030139,-0.0016076,-0.0046006,0.00066365,0.0033354,-0.0059694,0.0057866,0.013768,-0.0031473,0.0032032,0.0034388,0.0006676,0.0055843,-0.0015792
1.6422,0.36448,0.098585,0.71445,-0.097283,0.23211,0.19273,0.088415,-0.15972,0.16666,0.089214,-0.21101,0.16466,-0.058965,-0.034251,-0.29831,1.7555,-0.046283,0.10632,0.067716,-0.036586,-0.1157,0.010401,-0.024113,0.020883,-0.012989,0.013925,-0.014527,0.037184,-0.063773,-0.060468,0.017541,0.091501,0.003625,0.024756,0.023291,-0.06782,0.0067263,-0.0080691,0.00821,-0.059148,0.019869,0.032327,-0.044329,-0.024824,0.022098,-0.010096,0.0020148,0.016792,-0.022444,-0.069736,-0.023495,0.0031343,0.001532,-0.024769,0.012191,-0.00011255,0.01911,0.005204,0.0033326,-0.032613,-0.0054118,0.0057801,-0.01495,-0.0097848,-0.0090248,0.009214,0.011467,0.00094637,-0.004249,-0.010476,-0.0025068,0.0018919,-0.014494,-0.0076554,0.0096076,-0.0073077,0.010869,0.017213,-0.0070762,-0.017039,0.0049507,-0.0050614,-4.0558e-05,0.016685,0.012077,-0.00051589,0.0061546,0.00092872,-0.0058526,-0.001295,0.0042802,0.0028178,-0.0044707,0.0042666,-0.010388,0.0026156,-0.010063,-0.0012252,0.0039214,-0.002718,0.010816,0.0036038,-0.0021696,0.0039312,-0.00023465,-0.0045857,-0.01312,-0.0024805,-0.0057249,-0.006313,0.00094373,-0.00044954,0.01327,-0.0066304,-0.0065362,-0.0044916,0.0018392,0.0080146,0.00097365
-0.37468,-0.78888,1.0802,-0.85599,-0.10722,-0.032542,-0.075723,-0.020349,-0.016961,0.097272,-0.066583,0.077501,0.03709,-0.018249,0.048921,-0.014391,-0.046283,1.9189,-0.071686,0.038006,0.0088158,-0.027274,0.045636,-0.057161,0.020581,-0.0099737,0.035344,0.078198,0.013437,0.039738,0.030054,-0.044717,0.033563,-0.024207,-0.015335,0.0075831,-0.049987,-0.00035002,0.014757,-0.02051,0.025821,0.0039059,0.0089982,-0.0041778,-0.027359,-0.00047912,-0.00078732,-0.0057552,-0.0015329,-0.010598,-0.0073534,0.0031697,0.012968,-0.014495,0.0046179,-0.016737,-0.0049787,-0.0059516,0.014093,-0.014411,0.0035223,-0.01096,-0.0052697,-0.006077,-0.0067011,0.013577,0.00018479,0.0058618,0.0056971,0.0080623,0.017215,0.025111,0.0067367,0.0050561,-0.014591,0.00024201,0.0023046,0.0091547,-0.0045638,-0.0042682,-0.0081003,0.017986,-0.0038178,-0.0038433,0.0086734,0.013715,-0.00090499,-0.0031873,0.0093977,-0.0043247,0.010357,0.0096397,0.005763,0.0099692,-0.012891,0.0084503,0.0023777,0.01311,0.004945,0.0017041,-0.0096188,0.0011702,0.0039849,6.0162e-05,0.0023236,-0.0055182,0.0014503,0.0045657,-0.0020879,-0.0080056,0.0036374,0.012338,-0.0085864,-0.0042374,0.0024918,-0.0060611,-0.0056917,0.0040451,0.00072971,0.0019834
-1.9509,-0.31536,-0.99237,-0.55258,-0.083061,-0.099101,-0.048335,-0.044867,0.10964,-0.073703,-0.16138,0.11866,-0.019054,-0.10782,0.15548,0.004812,0.10632,-0.071686,1.5772,0.24296,0.08373,0.013225,0.036364,-0.029861,-0.033425,-0.038327,0.05994,0.04453,-0.045736,0.046805,0.097434,0.00048473,-0.061424,0.020567,0.0014528,0.030975,0.011955,-0.04979,0.044012,-0.0089384,0.054022,-0.021811,0.00074518,0.016627,0.01058,0.0033728,0.027469,-0.0068684,0.016191,0.016842,0.031571,-0.00052248,-0.02335,0.0057472,0.0072841,-0.023185,-0.00049942,-0.040929,-0.021962,0.0059678,-0.011392,-0.0043444,0.02107,0.012462,0.0054646,0.00013539,-0.016682,-0.0012397,0.022806,0.0069984,-0.0038058,-0.0052254,0.0045936,0.0099698,0.010987,-0.0020483,-0.0020767,-0.0092953,0.0104,0.0064819,-0.0049514,0.01558,0.0019936,-0.00072656,-0.010229,0.024589,0.0016109,0.0015826,0.0071398,-0.0050553,0.0050355,-0.0031905,-0.0016665,-0.003666,0.0018977,0.00091511,0.0031567,0.0018183,0.011508,-0.0060371,-5.1586e-05,-0.0051766,-0.0022752,0.0016433,-0.00010181,0.0017243,-0.0040047,0.0010727,0.0020329,0.0055328,-0.0042445,-0.0079346,-0.0040082,0.003912,0.0012263,-0.005785,-0.0031316,0.0028132,-0.0043663,-0.0018152
2.2326,-1.0862,0.050724,-0.26397,0.012008,-0.032957,0.06942,-0.0024156,0.094869,0.12368,-0.043135,-0.09337,0.097616,-0.1068,0.13727,0.14295,0.067716,0.038006,0.24296,0.48273,-0.3732,0.040915,-0.14694,-0.037209,0.07248,-0.0016634,-0.052517,0.051593,0.032337,0.12212,-0.011087,0.026233,-0.019177,-0.026781,-0.032035,0.011154,-0.028242,-0.054298,-0.021872,-0.022719,-0.022534,-0.0019848,-0.012355,-0.03299,-0.024117,-0.014948,-0.012742,0.020737,-0.040831,0.0022674,0.005868,-0.0072289,0.022262,-0.0027368,0.016214,-0.012721,-0.018717,0.019522,0.013956,0.003812,0.010036,0.0045781,-0.0049771,0.0072983,-0.0002106,0.0098143,0.0050443,-0.0088602,-0.0018177,-0.01396,0.011781,0.0040446,0.011227,0.0076291,-0.0012763,-0.0017965,0.0080845,-0.011773,0.0095261,0.0067935,-0.00896,0.0012765,-0.00052494,-0.011803,-0.012353,-0.00089482,-0.00027756,0.0057095,0.004812,-0.0051514,0.0045994,-0.012207,-0.0094625,-0.014749,-0.0062828,0.0019957,0.0048942,-0.004943,0.0048147,-0.0035221,0.0058759,-0.0066289,-0.0001076,-0.00064362,-0.0042816,-0.0091821,-0.0017047,0.0023106,-0.0078772,0.0033851,-0.0059101,0.002062,-0.005802,0.0061657,0.0041352,0.0032638,0.0038428,-0.0043092,0.00056793,-0.00075572
-0.75463,-0.48592,-0.52813,-0.14866,0.0053904,0.21233,-0.17047,0.052166,-0.053166,-0.060469,-0.0077318,-0.062354,0.034619,0.018809,-0.058391,-0.073831,-0.036586,0.0088158,0.08373,-0.3732,1.1566,0.095882,-0.025028,-0.075395,-0.015622,0.073742,-0.023654,0.073704,0.050673,-0.026989,-0.016467,0.073359,0.024157,0.0051765,0.0066669,-0.065962,0.010919,-0.0081493,0.0095589,0.042198,-0.012391,-0.034503,-0.027222,-0.041307,-0.013516,-0.002492,-0.02301,0.00052128,0.0017088,0.018516,-0.012107,-0.011722,-0.04987,0.01743,0.0028943,-0.0095528,0.008829,-0.0098954,-0.0065343,0.018652,-0.010795,-0.010846,-0.022122,0.00094897,0.0033813,-0.026663,0.0049071,-0.0037307,-0.014905,-0.0055894,0.0050656,-0.0038764,-0.010979,-0.0045582,-0.011933,0.0071894,0.0085092,-0.0059134,-0.018657,-0.0089836,0.019245,-0.0089474,0.0068679,0.011138,0.010344,-0.0048223,0.00903,-0.009076,-0.010712,-0.0096524,0.0047392,0.00608,0.008667,0.0016925,0.0077163,0.00074712,-0.0045542,0.016612,-0.0012733,0.0061156,-0.014051,0.0083254,0.0035527,0.011955,0.0034743,0.014165,0.0004103,0.0014627,0.0040984,-0.0013105,-0.0025254,-0.0018844,0.0029008,-0.0027662,-0.010583,-0.0077416,-0.0032792,-0.0013213,-0.0014745,-0.0012024
2.4864,-0.19819,0.21072,1.1569,-0.0097941,-0.040746,-0.0085069,0.16035,-0.055125,0.065471,0.21073,-0.091284,0.10632,0.11195,-0.15301,-0.036348,-0.1157,-0.027274,0.013225,0.040915,0.095882,1.3851,-0.03727,-0.016725,0.038206,-0.041304,0.0040193,0.022912,0.052527,-0.043728,-0.086155,0.0068936,0.072729,-0.071675,0.046414,-0.028114,-0.025291,0.066369,0.055734,0.018181,-0.028696,-0.011515,-0.031414,-0.0065951,-0.062102,0.011922,-0.0028718,0.00059314,0.022243,0.01731,0.00012506,-0.030165,-0.019994,-0.021083,0.007631,-0.0084702,-0.02295,0.029008,0.0057849,-0.0069738,0.0083504,-0.011762,-0.0023144,0.00061423,-0.0052099,0.0070817,0.0072,-0.0094365,0.0067243,-0.0055594,-0.01028,0.0061105,-0.011642,0.0073619,-0.021794,0.02069,-0.0036354,0.00078521,0.012336,0.0081442,-0.020153,0.004145,-0.0017153,-0.0057699,-0.0023662,-0.03262,-0.0096254,0.0029654,-0.0043454,-0.0028934,-0.0058265,-0.021034,-0.0055118,0.0045227,0.0023807,0.0017115,0.0073361,-0.010542,0.0024937,-0.0063442,0.011028,-0.00037077,-0.0078517,0.012062,-0.0068651,-0.0089024,-0.00035053,-0.0034127,-0.007607,-4.5071e-05,0.0026979,0.0032006,0.00022235,-2.8081e-05,-0.0034402,-0.0042867,-0.0036362,0.0021272,0.00034271,-0.0016709
-1.8967,1.6451,0.10956,0.72073,-0.24447,-0.069066,-0.097995,-0.00391,0.007287,-0.039016,-0.049397,0.022609,-0.041625,-0.016381,-0.053301,0.042412,0.010401,0.045636,0.036364,-0.14694,-0.025028,-0.03727,1.363,-0.018224,0.012656,0.023483,-0.020088,0.032237,0.034795,-0.051218,0.013637,0.049489,-0.054506,0.045176,0.06836,0.0018046,-0.021688,0.011941,-0.01373,0.034135,-0.0041613,-0.0073154,-0.0058657,-0.035993,0.01874,0.040568,-0.020098,0.0034401,-0.0072728,-0.008852,0.008458,0.038509,-0.011677,-0.00047677,-0.0022537,0.0083001,0.019298,-0.0016012,-0.014353,0.0047235,-0.0064126,-0.00090063,-0.0018765,0.010595,0.0069366,-0.030894,-0.02226,0.017491,0.01765,0.017402,-0.0013244,-0.018212,0.0044372,-0.00092563,0.0064654,-0.0012654,0.0013056,-0.0071933,-0.0038835,-0.0031638,0.017333,-0.019829,0.0092427,0.0065969,-0.00097943,-0.011515,0.0058364,-0.0051575,-0.0019784,0.0030469,0.0033091,-0.0076793,-0.0056193,0.0030388,-0.0050833,-0.0050874,-0.0077424,-3.9947e-05,-0.011026,-0.00049004,0.0019441,-0.0012266,0.001137,0.0015817,0.003191,0.003511,-0.0042925,0.0076227,0.00099044,0.0055273,0.010279,0.00069326,0.0087587,0.008887,0.0021676,0.0012468,0.0044385,-0.0027982,-0.0020909,-0.0016764
-2.0767,1.491,-0.72279,0.73044,-0.20801,0.020051,-0.095469,-0.059233,-0.089322,-0.18417,-0.038793,0.028875,-0.032203,0.059759,-0.068832,-0.067291,-0.024113,-0.057161,-0.029861,-0.037209,-0.075395,-0.016725,-0.018224,1.3189,-0.028145,0.015516,-0.059121,0.0046031,-0.027256,-0.017101,-0.020899,0.081125,0.035207,0.074051,0.030773,0.0079229,-0.020065,0.0071084,-0.052853,0.032233,-0.0084679,-0.012199,-0.0084268,-0.030004,0.0087227,-0.0073864,0.024125,-0.0010681,-0.016126,-0.021805,0.01242,0.017263,0.010001,-0.0079401,0.019529,0.017467,0.014731,-0.016413,0.014483,-0.002202,-0.00017783,-0.0064564,-0.03319,-0.0077127,-0.00087787,-0.022226,0.0067907,0.0040428,-0.0013675,0.0047158,0.00064855,-0.0030392,0.0017618,-0.016494,0.015266,-0.00098205,-0.0023911,-0.0068332,-0.019967,0.018031,0.001948,0.0040672,-0.0035925,-0.0069977,-0.0085552,0.039215,0.011635,-0.0041747,0.0067271,0.0043383,0.010223,0.024199,0.00090715,0.0017977,-0.0044222,0.0086811,-0.0082886,-0.00066864,0.0022959,0.0032672,-0.002245,-0.00015318,-0.004384,0.0029984,-0.0014078,0.002984,0.0074603,0.0065807,0.011657,-0.00028222,0.0021215,-0.010056,0.0044108,0.0089886,-0.0040003,0.0081791,0.010914,0.0030007,0.0042319,0.003624
1.7264,-0.27865,0.37716,0.32251,0.20297,0.19709,0.0068892,0.069074,0.017217,0.0024972,0.0079988,-0.042798,0.075896,-0.0036344,-0.0043032,0.10079,0.020883,0.020581,-0.033425,0.07248,-0.015622,0.038206,0.012656,-0.028145,1.2448,-0.015999,0.0044428,-0.045584,0.0088512,0.018397,-0.0099362,-0.034661,0.016682,-0.050947,-0.039769,0.0019148,-0.035061,0.015871,0.028141,-0.026056,0.011646,-0.011887,-0.0082885,-0.017356,-0.0058424,0.017505,0.027584,0.013146,0.00025981,0.012919,0.016808,0.038624,0.0029107,-0.012647,0.0055115,0.019791,0.019745,-0.030048,-0.00061214,-0.00076859,-0.02524,0.017965,-0.021935,0.022994,0.0076991,0.011909,-0.026475,0.00043022,-0.004104,0.011946,-0.0075875,0.0012908,-0.0077872,0.00041751,-0.011072,-0.0031154,0.0007927,-0.00071959,0.0015938,-0.0090894,0.011645,-0.013883,0.0010225,-0.01431,-0.0069353,-0.0091285,-0.0084773,0.0036394,-0.0027313,-0.00025115,0.014424,-0.013431,0.0016827,9.5433e-05,0.0010558,0.0082607,-8.3314e-05,-0.0019198,0.0088414,0.0087013,0.0022929,-0.001981,-0.0018617,0.0068921,0.013067,-0.0074941,-0.0001618,-0.011524,-0.01431,-0.010531,-0.0031096,0.0053121,-0.0021408,0.0053059,0.004147,-0.00012345,-0.00019498,-0.00079318,0.0032729,-0.0025568
0.83389,-0.28211,0.68973,0.27067,0.083282,0.10246,0.025401,-0.037389,-0.034434,0.059929,0.00047636,-0.024663,-0.027879,0.016312,-0.098645,0.17698,-0.012989,-0.0099737,-0.038327,-0.0016634,0.073742,-0.041304,0.023483,0.015516,-0.015999,1.0961,0.028435,-0.0023343,-0.034787,0.0061015,-0.016805,-0.054055,0.050591,-0.031447,0.016321,0.0016296,0.005166,-0.021262,-0.021299,-0.019755,-0.0077126,-0.00064057,-0.011068,-0.015136,-0.022418,-0.01206,0.024664,0.0077958,-0.004596,-0.02721,-0.0063831,0.0055573,-0.0055666,0.006563,0.0074933,-0.023903,-0.0085391,-0.015296,0.0030829,-0.0052761,0.029784,-0.0019843,-0.0046537,0.00010662,-0.0042946,0.012897,-0.002476,-0.0068928,0.014807,0.0041395,-0.0016682,-0.0022747,0.012625,0.0061493,-0.0030013,-0.0013346,-0.0014128,-0.0019281,0.00083004,-0.0046655,-0.008564,0.0039191,-0.0031998,-0.0027361,-0.00051437,0.0029451,-0.0065109,0.0011956,0.0046762,0.0036231,0.0086528,-0.0030341,0.00097911,-0.00011923,-0.0089837,0.0045512,-0.0015654,0.0013706,0.0042107,-0.0017621,0.0012694,-0.0035348,0.0013607,0.0010651,0.0086208,-0.0058923,0.00188,-0.004162,-0.0026993,0.0037009,0.002102,-0.0022414,0.0011896,-0.004505,0.003956,0.0030246,0.0049075,-0.0043654,0.0013162,-0.0042207
-0.13564,0.028194,0.078132,-0.52025,-0.19821,-0.081285,-0.0047525,0.039432,0.021784,-0.047827,0.088134,0.062922,0.023217,-0.0016013,-0.0091921,-0.018429,0.013925,0.035344,0.05994,-0.052517,-0.023654,0.0040193,-0.020088,-0.059121,0.0044428,0.028435,1.0995,-0.0093519,-0.033196,0.033053,0.0052762,0.0032774,0.071841,0.0047695,-0.033886,0.037814,-0.02605,0.0016829,0.031995,-0.0065821,0.025431,-0.0016033,0.015812,0.031361,0.0032761,-0.0071184,-0.015639,-0.0067456,0.013305,0.018421,-0.018217,5.719e-05,0.0025007,-0.016051,0.0041684,0.0051981,-0.023542,-0.0093297,0.014792,0.014493,-0.018999,0.00048796,-0.0056696,0.0037593,0.0012379,0.0064815,0.0008193,0.00012522,0.019526,-0.013929,-0.0074084,0.0063436,0.0060381,-0.0034231,0.00039995,0.010582,0.0036386,0.0034032,0.0019315,0.022536,-0.02394,0.021005,-0.0051693,-0.017033,-0.0092381,0.034844,-0.0040241,-0.0016294,0.012159,0.0066394,0.013054,-0.0043772,0.0019104,-0.0031422,0.0024329,0.0097399,0.0059697,0.002131,-0.002065,-0.0081151,-0.0057831,0.0066177,-0.0038131,-0.003543,-0.0067286,-0.0020994,-0.0023667,0.0076827,-0.0011241,0.0090954,-0.00032215,0.0026847,-0.0019447,0.0014815,-0.0047432,-0.014639,-0.0016221,-0.0019437,0.0025499,-0.0010522
0.91833,0.15418,0.064508,0.059693,-0.28152,0.044663,0.033147,0.041403,-0.09445,0.036996,0.019356,-0.12631,0.036248,0.046637,-0.065578,0.044706,-0.014527,0.078198,0.04453,0.051593,0.073704,0.022912,0.032237,0.0046031,-0.045584,-0.0023343,-0.0093519,1.0485,0.07571,-0.026016,-0.086318,-0.023628,0.017871,-0.030111,0.056545,-0.051084,-0.0049174,0.021875,-0.010697,-0.0065277,-0.00042034,-0.0033328,-0.027147,0.014669,-0.0028559,0.02293,0.0016646,0.0021074,0.027255,0.019912,-0.018265,-0.034622,-0.025354,0.0017568,-0.010873,-0.006765,-0.017418,0.019359,-0.0075913,0.01789,0.020599,-0.00039159,0.008413,0.012155,0.0020916,-0.0022515,-0.0011536,-0.013295,-0.01202,0.011132,-0.0034753,-0.017154,0.0052801,0.0020276,0.011117,0.010757,-0.006836,-0.0066449,0.0015002,-0.0083619,0.013828,-0.013095,0.0017265,0.0066168,0.0053227,-0.033405,-0.0082242,0.0025486,-0.0067945,-0.0040089,0.00085158,-0.012962,-0.012181,-0.0017953,0.0027516,0.00728,0.0049481,-1.3643e-05,0.0016811,0.00021326,0.013274,-0.0059595,-0.0015952,0.0062651,0.0054352,-0.0020662,0.0011339,0.0032728,0.0014481,-0.0024238,0.00077999,0.0024367,0.005058,-0.0048717,-0.00052945,0.0061294,-0.00066882,0.00076553,-0.00033452,0.00084362
-0.52513,-0.11254,0.14808,0.35435,0.020285,-0.050458,-0.10996,0.032308,-0.10963,-0.013589,-0.096941,0.051836,0.02534,-0.030476,0.07375,0.031202,0.037184,0.013437,-0.045736,0.032337,0.050673,0.052527,0.034795,-0.027256,0.0088512,-0.034787,-0.033196,0.07571,1.0089,-0.0031895,-0.02125,0.017409,0.016443,0.051676,0.052412,0.017555,0.0006404,0.0027986,0.011525,0.014531,0.034047,0.0059732,-0.024796,-0.014958,-0.001875,0.032957,0.023966,0.00011058,0.0080159,-0.013612,-0.0063934,-0.049082,-0.019308,-0.012583,0.0023197,-0.012002,0.02889,-0.0052153,0.014089,-0.0077893,0.017882,-0.01022,-0.011907,-0.013,-0.001509,-0.0085492,0.0034901,0.0047183,0.012071,-0.0071463,0.0034228,0.0057924,0.0084645,0.011988,0.013046,-0.016934,0.0011203,-0.0061437,-0.018933,0.0080231,0.0093018,-0.00034166,-0.0010923,0.0016902,-0.01003,0.033783,-0.00075816,-0.010617,0.0041899,0.0091001,0.020259,0.0034058,0.0020787,0.0053389,-0.0070508,0.0095828,0.0019167,0.011981,0.0068452,0.002949,0.0044705,-0.010231,-0.010114,0.0054419,0.012389,-0.0040036,0.0045441,0.015743,-0.00026812,0.012362,0.0052373,-0.0011915,0.0067487,1.1313e-05,-0.00015371,-0.0043491,0.0028087,0.00052159,-0.006294,-0.0028347
-0.74723,0.41099,-1.1744,0.27291,-0.080476,-0.10641,-0.024294,-0.015101,-0.080327,-0.10395,0.026177,0.052983,0.075777,0.070244,-0.078535,-0.059162,-0.063773,0.039738,0.046805,0.12212,-0.026989,-0.043728,-0.051218,-0.017101,0.018397,0.0061015,0.033053,-0.026016,-0.0031895,0.88439,-0.00017874,0.21871,0.052579,-0.039872,0.047505,2.1596e-05,-0.0084877,0.036836,-0.0063023,0.014476,-0.024467,-0.025861,0.0099955,0.020547,-0.004077,-0.037437,-0.011078,-0.037144,0.043375,-0.0053388,0.0085816,-0.0090656,0.0076478,-0.0018631,0.024374,-0.001262,-0.005638,0.01189,-0.0020518,0.0068765,0.020991,0.02677,0.017791,0.021149,0.015435,0.019243,0.0062621,-0.011306,-0.012909,-0.023095,0.012771,0.010793,0.0096754,-0.0068083,0.0061856,0.016952,0.0047892,-0.015272,0.015283,-0.012339,-0.016964,-0.0021322,0.0081226,0.002319,-0.00056771,-0.03365,0.0061424,-0.013239,-0.0022027,-0.0096617,-0.0021184,-0.019297,-0.0024682,-0.0063875,-0.0017792,0.0093304,0.0054634,-0.0044142,0.010468,-0.0049808,-0.0055007,-0.0013295,0.0059886,0.011277,-0.0036309,-0.0021687,-0.0040922,0.00068192,0.0027263,0.011974,-0.0061946,-0.00035299,-0.0029944,0.0033396,0.0054062,0.0058015,-0.00099825,0.004634,0.0064101,-0.00041073
0.95913,-0.25562,0.49286,-0.37752,0.044033,-0.092646,0.068603,0.041129,-0.095685,0.10729,0.11287,-0.088835,0.073431,0.05451,-0.073526,0.010871,-0.060468,0.030054,0.097434,-0.011087,-0.016467,-0.086155,0.013637,-0.020899,-0.0099362,-0.016805,0.0052762,-0.086318,-0.02125,-0.00017874,0.84649,-0.20411,0.0726,-0.076363,-0.063076,-0.035868,0.00090214,0.039143,-0.039013,-0.0159,-0.096654,-0.0031078,-0.018106,-0.02156,-0.029806,-0.019657,-0.026333,-0.018733,-0.0092088,-0.020838,-0.0089599,0.028105,0.017142,0.031088,0.0048875,-0.015272,-0.032473,0.013179,-0.0031417,0.0065013,-0.031993,-0.015458,-0.0041488,0.0067243,0.0013271,-0.011863,-0.0057465,0.003288,0.0096106,0.0060877,-0.00067627,-0.0053014,0.0030511,-0.017499,-0.0041399,0.020078,-0.017469,0.013346,0.0069675,0.0017831,-0.0012909,-0.0054718,0.0057474,-3.294e-05,0.0048597,-0.025332,0.0014938,-0.0029683,-0.0047681,-0.0064225,-0.010357,-0.0073517,0.00050926,-0.0024923,-0.00019505,0.014937,0.010499,0.026407,0.018409,0.0091561,-0.0031698,-0.00040425,0.0055502,0.00013866,-0.0031137,0.0043069,0.0018308,-3.7892e-06,0.0084062,0.015902,-0.0042358,-0.0026152,0.0067806,-0.0056663,-0.011779,-0.015703,-0.011244,-0.011001,-0.00598,0.00032812
0.9354,-0.45823,0.39083,-0.30421,0.00076363,0.10292,0.040597,-0.012254,0.022407,0.046139,-0.0095293,-0.043577,-0.012375,-0.040852,0.036328,0.034636,0.017541,-0.044717,0.00048473,0.026233,0.073359,0.0068936,0.049489,0.081125,-0.034661,-0.054055,0.0032774,-0.023628,0.017409,0.21871,-0.20411,0.3111,-0.033904,0.015529,-0.12399,-0.069917,-0.056352,-0.058003,-0.0043282,-0.0068712,-0.031298,-0.020723,-0.024878,0.026656,-0.068836,-0.027134,0.0011295,-0.039768,0.028959,-0.023709,-0.0061869,0.001719,-0.012355,-0.0046522,0.0036999,-0.026375,0.020854,0.0042141,0.0033393,0.012166,0.001538,0.0023839,-0.0011169,0.0010203,0.0052903,-0.012828,0.0040458,-0.0017322,-0.00094573,-0.018101,0.0014344,0.0030559,0.015285,0.0054271,0.0032231,-0.0074604,0.0041724,-0.0072905,0.0037919,0.0032426,-0.0090559,0.011027,-0.0090388,0.0079763,-0.012352,0.019934,0.0049571,0.0029261,0.0060007,-0.011747,0.0048283,0.0096973,-0.00084293,0.0020638,-0.0060545,0.00044806,-0.0090166,-0.0032138,-0.0058468,-0.0040776,0.0017554,-0.00052732,-0.0026636,8.2718e-05,-0.003694,0.010415,0.00058752,-0.0014366,0.00309,-0.0034732,-0.0066316,-0.0054621,-0.0002004,0.0026014,0.0076235,0.0081022,0.006555,0.00092175,0.0040368,0.00029344
-1.3753,0.37954,0.082332,0.030217,-0.09432,-0.055896,-0.042875,-0.055385,0.057147,-0.067843,-0.055345,0.096652,-0.15505,-0.086862,0.22993,0.037573,0.091501,0.033563,-0.061424,-0.019177,0.024157,0.072729,-0.054506,0.035207,0.016682,0.050591,0.071841,0.017871,0.016443,0.052579,0.0726,-0.033904,0.63782,-0.065525,-0.0089974,-0.042265,-0.024135,-0.065499,0.011872,0.049038,0.057061,0.068315,0.053809,0.031304,-0.03839,0.038293,0.013258,-9.2256e-05,0.036235,0.0031808,0.0047792,0.0019811,-0.004272,-0.0078157,-0.013836,-0.0019848,-0.017289,0.00065362,0.0059406,-0.019615,0.0087508,0.0073924,-0.00021158,-0.007647,-0.0026579,-0.0047706,0.010592,0.0050471,-0.025534,-0.010183,0.015607,-0.0022194,-0.0011472,-0.0084936,0.013668,-0.032671,0.024119,-0.014802,0.014369,-0.010548,-0.0063177,0.00017452,0.0058981,0.0098976,0.019455,-0.057526,-0.0036423,-0.003465,-0.0035872,0.0018913,-0.036803,-0.03546,-0.0068335,0.012468,-0.0034557,-0.011361,0.00032005,-0.00057709,0.020214,-0.0028939,-0.0024216,0.016918,-0.0058225,0.00043871,-0.0073552,0.012136,-0.0088875,6.0193e-05,-0.0072913,0.0025514,-0.0031103,-0.0056408,-0.0077072,0.004816,0.00029353,0.0059887,0.00051632,0.015809,-0.009837,-0.00019219
-0.14333,-0.42253,0.16283,0.0011379,0.24204,0.19388,0.02894,0.040177,0.010771,0.020179,-0.073557,-0.036412,0.011774,-0.036761,-0.046327,-0.0062305,0.003625,-0.024207,0.020567,-0.026781,0.0051765,-0.071675,0.045176,0.074051,-0.050947,-0.031447,0.0047695,-0.030111,0.051676,-0.039872,-0.076363,0.015529,-0.065525,0.8211,0.028676,-0.072557,0.02555,0.0081329,0.025523,-0.039602,-0.034299,-0.00012178,0.0080053,-0.032293,0.01832,-0.045243,-0.021404,0.0081958,-0.020231,0.0066873,-0.021864,0.0058195,-0.0045386,0.036113,-0.0095451,0.027113,-0.020845,0.02094,0.0047497,-0.00556,0.021529,-0.015513,0.0087199,-0.015112,-0.010027,-0.014963,0.0042492,0.003109,-0.0045082,0.017603,-0.0037661,-0.0040897,-0.014635,-0.0074913,0.0019279,0.012743,0.0021697,0.012397,0.0070318,-0.0012818,0.016184,-0.01381,0.0041252,-0.0029011,0.023797,-0.056242,9.1219e-06,-0.0058296,-0.015125,-0.0095336,-0.013975,-0.016481,-0.0092267,0.00091768,-0.0023667,0.00047865,-0.0019427,-0.0059753,0.015402,-0.0016529,-0.0026757,0.0010501,-0.0027053,-0.0045462,-0.0056864,0.0050621,0.0080328,0.00053299,0.0029419,0.005593,0.0023704,-0.00087424,0.00097288,-0.0053564,0.0079933,0.014711,0.0066884,0.0019093,0.001285,0.0048963
