905.85,-484.98,-120.03,-38.669,-43.272,22.424,-11.488,-3.5826,-3.1842,-9.4254,-0.056424,3.2807,-1.8374,1.5369,1.7331,-1.1438,-0.37983,-0.77166,1.0569,-0.84324,-2.88,-0.6307,-0.0044218,-0.53533,-0.1214,0.81643,-0.64109,0.21259,0.89465,-1.4534,-1.1308,-2.4452,1.3842,0.73458,-0.23389,-0.68925,-0.48408,-0.57584,0.26898,-0.32073,-1.0593,-1.1358,-0.21377,-1.3058,-0.9657,-0.5613,-0.22107,0.19536,-0.73521,-0.7108,-1.5546,-0.57947,-0.069184,-0.52423,0.25211,-0.39696,-0.16807,0.30719,-0.24096,-0.042861,-1.448,0.39142,-0.67409,-0.12782,-0.12907,-1.1596,0.23696,0.095658,-0.35903,-0.27463,0.4256,-0.33167,0.064807,0.44651,-0.18886,-0.019133,1.106,0.0038805,0.056663,0.42306,0.16684,-0.60241,0.12535,0.46549,-0.73263,-0.1991,0.30898,-0.69253,-0.29796,-0.50313,-0.70231,-0.37324,-0.22321,-0.61193,0.0459,0.36492,0.27811,-0.67182,-0.4142,0.32736,0.25659,-0.46414,0.028402,0.28084,-0.34761,-0.0171,-0.24529,0.048751,0.0070956,0.33562,-0.085067,-0.70667,-0.24365,-0.62918,-0.095811,-0.01016,0.52449,0.83361,-0.47753,0.099781
-484.98,1410.6,306.99,70.014,28.248,22.113,13.209,11.923,-6.659,19.209,4.331,-8.715,7.167,0.4078,-1.5472,-2.1,-1.0689,0.42446,2.6449,1.9333,1.8863,-1.0157,-1.1317,-0.010111,-1.1538,-1.6675,1.4589,-1.5272,-0.53918,0.068816,0.27341,3.685,0.44735,-1.0181,1.7517,1.767,1.1529,1.6439,0.36691,0.33624,2.0927,0.94791,0.63683,1.9696,2.1397,0.9187,1.5777,-1.2758,1.3348,0.57768,1.5723,0.97958,0.44349,0.39363,0.37298,0.42398,0.51668,-0.50709,0.43845,-0.11017,1.005,-0.19882,0.73079,-0.48847,-1.7048,2.3733,-2.2686,0.88923,0.31772,0.17339,0.22677,-0.58027,-0.17567,1.9473,0.93673,-2.1876,-0.46605,0.50965,-0.10886,-0.41397,-0.93183,0.31477,0.10488,-0.92448,0.78473,-0.6343,0.40813,-0.14801,0.60004,0.98352,0.25326,0.56183,-0.25254,-0.59924,0.16872,0.7229,-1.0405,0.31097,-0.34911,0.92204,-0.29318,0.20998,-0.07541,-0.044298,0.28897,-0.069016,-0.38045,0.74762,0.096392,-0.29722,0.61583,-0.66502,-0.12978,-0.29995,0.38509,0.32466,-0.43835,0.56118,0.097077,0.45418
-120.03,306.99,409.8,-123.03,3.7572,4.2448,-1.1388,1.0503,0.95344,-1.3005,1.972,-2.2132,1.9492,0.70237,-1.4609,-0.081352,0.9063,-2.1122,1.5699,0.18112,0.070119,-0.33835,0.077652,-0.3942,0.35202,-0.023639,-0.22869,-0.11316,0.0063403,0.72521,-0.1717,-0.22865,0.066113,-0.29791,-0.67059,0.75378,-0.29084,-0.19518,0.55157,0.2934,0.57577,0.57757,-0.44389,-0.090343,-0.10415,-0.23886,0.096921,-0.0088791,0.31327,0.085732,-0.2484,-0.29583,0.34365,0.27486,0.34891,0.10301,0.99063,0.14364,-0.65016,-0.27517,-0.023177,-0.12545,-0.10108,0.02913,-0.43522,1.1652,-0.59068,-0.18629,0.34212,-0.17859,0.54791,-0.46522,-0.49261,0.67878,-0.092063,1.1308,0.22668,0.10749,-0.045971,-0.25171,0.12765,0.15301,0.4675,-0.69112,0.41536,0.0064827,0.14857,-0.18151,0.16037,-0.015268,-0.22316,0.36227,-0.21453,-0.13339,-0.60652,-0.076556,-0.48375,0.17145,-0.006653,-0.031185,0.23876,0.55649,-0.016832,-0.014085,-0.04778,0.26476,0.079238,0.24363,-0.18209,0.042659,-0.020064,0.10714,0.10414,-0.0021857,0.38619,-0.21964,-0.49171,0.73909,0.99352,-0.040242
-38.669,70.014,-123.03,477.53,18.392,11.475,-3.8911,3.4962,2.6541,1.9377,1.3356,-3.1004,2.8252,-0.27046,1.6458,-1.8017,-2.6611,2.5256,1.0451,1.0812,0.47937,-1.5187,0.48213,-0.27016,-2.0864,0.053823,0.65711,-1.0748,0.67586,-0.81157,0.6749,1.8564,0.85995,-0.85711,0.36784,0.40367,1.8887,0.22101,-0.60534,0.41393,-0.40957,-0.94501,0.57878,-0.27624,0.29681,0.78648,0.60081,-0.6176,0.65926,0.40076,-0.1451,-0.64594,0.02238,-0.86679,0.70427,0.33301,0.10438,1.3313,1.5573,0.67318,0.02656,0.88754,-0.033129,-0.10704,-1.3003,-0.24454,-0.42308,-0.90433,-1.3949,-0.2575,-0.90484,0.55714,0.1776,-0.50858,-0.26384,0.09065,-1.7525,-0.60388,-0.0062771,-0.28148,0.27156,-0.32069,-0.77472,-0.060218,0.2797,-0.13749,-0.11049,0.9292,-1.0501,0.16495,0.24974,0.35585,-0.79682,-0.070022,0.36998,0.53669,-0.1386,0.33149,-0.56921,0.32686,-0.70705,0.36961,-0.42966,0.098951,0.23158,-0.32286,0.052933,-0.33276,0.0067941,-0.18546,-0.314,-0.41655,0.66066,-0.34575,-0.15534,0.62637,0.014273,-0.31763,0.2475,-0.2857
-43.272,28.248,3.7572,18.392,2.6805,-0.54063,0.39428,0.3203,0.22933,0.52488,0.099408,-0.31608,0.20736,-0.072604,-0.028594,-0.07697,-0.10341,0.11916,0.029047,0.079735,0.12409,-0.035336,0.001396,-0.0097884,-0.055737,-0.026983,0.058676,-0.054627,-0.021174,0.032334,0.074839,0.21009,-0.0029739,-0.082549,0.016621,0.045453,0.087233,0.036625,-0.019764,0.021526,0.031597,0.020017,0.031241,0.048633,0.053853,0.047856,0.037206,-0.047739,0.046117,0.041127,0.061822,0.0030121,-0.003316,-0.0040464,0.019724,0.0369,0.027148,0.051164,0.043526,0.030749,0.07633,0.0032534,0.028117,-0.0031244,-0.050505,0.033397,-0.033737,-0.034849,-0.036842,0.0023158,-0.047197,0.031038,0.0045129,-0.037443,-0.00059514,0.0063208,-0.10779,-0.012839,-0.0075011,-0.02616,0.0096946,0.0038164,-0.0304,-0.029125,0.046194,0.0017991,-0.017186,0.067372,-0.025263,0.04011,0.041313,0.034156,-0.0148,0.021078,0.0074931,0.0071443,-0.020148,0.038622,-0.00028075,-0.00069029,-0.036576,0.040035,-0.016608,-0.0095944,0.024605,-0.0077382,0.010669,-0.011531,-0.0023294,-0.024682,-0.0054856,0.016788,0.036494,0.013384,0.00070388,0.022586,-0.027605,-0.046492,0.035671,-0.012869
22.424,22.113,4.2448,11.475,-0.54063,1.8788,-0.24639,0.26945,-0.22297,0.16072,0.13886,-0.21551,0.20961,0.060498,0.082475,-0.20161,-0.1079,0.022579,0.15776,0.016453,-0.064354,-0.099664,-0.0080131,-0.015746,-0.09215,-0.0062696,0.022012,-0.061216,0.054653,-0.06858,-0.04849,-0.0080468,0.086768,-0.009473,0.039546,0.029795,0.051291,0.034257,-0.0022469,0.022016,0.0028233,-0.047348,0.011126,-0.016258,0.02052,0.019394,0.045035,-0.038487,0.041584,-0.0014342,-0.029662,-0.028489,0.025603,-0.033652,0.04005,0.0049926,0.0088789,0.0171,0.063909,0.00097381,-0.044297,0.039631,-0.0058628,-0.011928,-0.081191,0.03899,-0.074754,-0.00059481,-0.03723,-0.02362,0.00113,-0.018571,-0.0064805,0.073733,0.011164,-0.042437,-0.013232,-0.0059817,0.003631,-0.012175,-0.022344,-0.011909,-0.0089908,-0.011847,0.001424,-0.028996,0.023195,-0.014034,-0.021991,-0.0023195,-0.020963,0.0089713,-0.046896,-0.04456,0.01027,0.047622,-0.026029,-0.007088,-0.044711,0.046948,-0.012229,-0.0030902,-0.012473,0.012316,-0.0038852,-0.0094573,-0.013702,0.016056,0.00011282,0.0045751,0.0032581,-0.057917,0.0033346,-0.04172,0.0044208,0.021327,0.0064755,0.046676,0.00064473,0.0074362
-11.488,13.209,-1.1388,-3.8911,0.39428,-0.24639,0.35017,0.10338,-0.12502,0.32874,0.005208,0.0054273,0.15819,-0.0041719,-0.068307,-0.06707,-0.030727,0.012156,0.0049248,-0.010464,0.0085453,0.0032015,-0.025737,0.0025861,0.018542,-0.017187,0.010719,-0.0059375,-0.023584,0.0020747,-0.023247,0.024625,0.018691,-0.010463,0.020828,-0.010512,-0.012743,0.034481,-0.0028328,-0.0093523,0.01062,0.016882,0.0052246,0.035413,0.016867,-0.0011721,0.0051137,-0.017007,3.3119e-05,0.0042101,0.032842,0.0278,-0.0035247,0.017527,-0.013925,-6.5271e-05,-0.0041132,-0.022838,-0.0071851,-0.0004014,0.028118,-0.023256,0.014319,-0.00016265,0.0067022,0.01088,-0.01283,0.030302,0.016019,0.0079484,0.0027196,-0.0052278,0.0087571,0.0069638,0.013941,-0.03992,0.0087376,0.023254,-0.0047582,0.0027179,-0.014266,0.0023764,-0.0034561,-0.00091052,0.0012878,-0.0053866,0.003357,0.00028448,0.017539,0.020684,0.01174,0.00033488,0.016715,0.0007877,0.0051543,-0.00042623,-0.0025172,-0.0017802,0.009222,0.004645,0.0013282,-0.0062656,0.0024974,-0.0042589,0.0039381,0.0018691,-0.0020098,0.0068475,0.0018554,-0.0049974,0.010765,0.0042498,-0.0083879,0.0079051,-0.00068022,-0.00014282,-0.0009055,-0.01257,-0.013685,0.010521
-3.5826,11.923,1.0503,3.4962,0.3203,0.26945,0.10338,0.19328,-0.20816,0.1763,0.23539,-0.25202,0.16138,0.165,-0.21749,-0.17566,-0.15054,0.042776,0.11839,0.028348,-0.053731,-0.10577,-0.024027,-0.039381,-0.010259,-0.0050145,0.003959,-0.050381,0.021262,-0.054727,-0.049985,0.040793,0.069374,-0.0091268,0.011582,-0.016947,-0.0085116,0.030961,0.0035161,0.015543,-0.00083794,-0.0068761,0.00068709,0.0048422,-0.0025554,0.0030577,0.011202,-0.034561,0.019118,-0.014538,-0.00015408,-0.0080351,-0.0037115,-0.0010608,0.019465,0.0072309,0.0055649,0.0055816,0.026842,0.018014,0.0010681,0.018522,-0.0035832,0.0027166,-0.030067,0.010516,-0.011603,0.010363,-0.0036524,-0.0085817,0.0020516,0.0033706,9.6143e-05,0.010493,0.0021923,0.0021879,-0.016681,0.0087041,-0.0045199,-0.011091,-0.010771,-0.006439,-0.021395,-0.010717,0.0076805,-0.0084661,0.01571,0.0098911,-0.0064206,0.026496,0.0021057,0.014091,-0.015642,-0.013901,-0.0020769,0.012219,-0.010184,-0.0055996,-0.0099536,0.020654,-0.0048806,0.011936,-0.0047497,0.0034693,8.1223e-06,0.0016603,0.0028239,0.0059936,-0.005296,0.0028406,0.003804,-0.0081384,0.0018876,-0.0013869,-0.0034843,0.0048331,-0.0024873,0.0036601,-0.0019799,0.0064212
-3.1842,-6.659,0.95344,2.6541,0.22933,-0.22297,-0.12502,-0.20816,0.58953,-0.066565,-0.50675,0.19955,-0.34569,-0.53853,0.74222,0.047472,0.24541,-0.038097,-0.19263,-0.15993,0.10912,0.23772,0.036232,0.074775,-0.013777,0.017391,0.037699,0.077296,-0.047072,0.15669,0.13142,-0.036366,-0.12196,-0.015086,-0.026201,0.058841,0.061819,-0.040318,-0.01169,-0.034446,0.01285,-0.0064574,0.018008,-0.0051464,0.040614,0.014108,0.016944,0.015801,-0.027385,0.042455,0.0087146,-0.0040332,0.014397,-0.01629,-0.030141,0.027243,0.013726,0.010386,-0.028767,-0.042226,0.024893,-0.050315,0.023296,-0.013348,0.032701,-0.0027175,-0.033341,-0.031298,-0.022802,-0.0022519,-0.023429,-0.0032241,0.0047977,-0.00038157,0.0068346,-0.025357,0.0016865,-0.018123,0.0042976,0.007166,0.013576,0.0071311,0.048524,0.015365,-0.0037548,0.022892,-0.050813,-0.012107,-0.00039875,-0.049375,0.0040146,-0.017392,0.022142,0.024919,0.012831,-0.0006809,0.0094289,0.019906,0.0062891,-0.034217,-0.012458,-0.023236,0.00087111,-0.017706,0.0059356,-0.010568,-0.0036822,-0.0099292,0.0085334,-0.018104,-0.0066716,0.0078094,0.0059908,-0.0093405,0.0032959,0.0070901,-0.0069929,-0.025567,0.022146,-0.017579
-9.4254,19.209,-1.3005,1.9377,0.52488,0.16072,0.32874,0.1763,-0.066565,0.56859,-0.080255,0.026359,0.47738,-0.20656,0.21228,-0.4873,-0.15277,-0.0052488,0.05137,-0.12357,-0.050924,-0.010717,0.0050957,0.0011745,-0.0023576,0.018219,-0.0063907,-0.00015052,-0.019675,-0.013563,-0.074001,-0.010736,0.15104,-0.018979,0.025813,0.0009462,0.019903,0.067227,-0.015448,-0.0063118,-0.037279,-0.019222,-0.0063652,0.017072,-0.0025732,-0.024054,0.012287,-0.027829,0.0018054,0.031752,0.010453,0.0089499,0.0074285,0.014965,-0.015222,0.013569,0.048125,0.0036576,0.020898,0.021304,0.031343,-0.037422,0.010075,-0.00012789,-0.014628,0.028535,-0.058993,0.032498,-0.011489,-0.0047106,-0.018615,-0.0022107,0.027547,0.015122,0.0093063,-0.050043,-0.0018311,0.02878,-0.014086,0.0084259,-0.011158,-0.0057055,-0.0097115,0.00023713,-0.0023824,0.0088313,-0.0075955,0.0054371,0.0034197,0.020372,0.024016,0.017341,0.011411,-0.0048164,0.020215,0.017233,0.0072945,-0.0049116,-0.0059359,0.021261,-0.011353,-0.017965,-0.011714,-0.013555,0.0068746,0.0011894,0.0044696,0.0081131,-0.0054172,-0.0061877,0.0050995,-0.0076341,-0.0067482,-0.0054345,-0.012282,0.016198,-0.011767,-0.013195,0.0026426,0.015449
-0.056424,4.331,1.972,1.3356,0.099408,0.13886,0.005208,0.23539,-0.50675,-0.080255,0.87217,-0.81632,-0.13279,0.61643,-0.85313,0.11766,-0.35933,0.0406,0.28995,0.18599,-0.11067,-0.34347,0.017336,-0.12233,0.0023556,-0.053679,-0.066062,-0.11713,0.11095,-0.20406,-0.1746,0.11279,0.2657,-0.0067145,0.033775,-0.075971,-0.062047,0.07043,0.032481,0.038498,-0.065751,-0.018557,-0.012255,-0.010516,-0.010678,-0.013235,-0.0057047,-0.02773,0.0020131,-0.071236,-0.020177,0.02029,-0.03276,0.0080932,0.030248,-0.014785,0.010056,0.036938,0.0039726,0.064878,-0.025304,0.029019,-0.040017,0.023858,-0.044811,-0.0077394,0.042023,0.0019182,-0.0027694,-0.0076282,0.024567,0.024132,0.0095784,-0.010012,-0.032039,0.095566,-0.025595,0.021195,-0.017748,-0.020102,-0.0037724,-0.0049883,-0.048661,-0.016348,0.00309,0.0015592,0.043739,0.033061,-0.032596,0.064469,0.0049403,0.031354,-0.014756,-0.029932,-0.024236,0.0091304,0.0054191,-0.026561,-0.0088906,0.032517,-0.0035061,0.036234,0.0098032,0.018978,-0.0020178,0.00035315,0.016267,0.0007964,-0.0062294,0.024688,-0.0046304,0.012096,-0.005944,0.0074704,-0.013065,-0.00267,-0.013763,0.02964,0.016702,0.0095037
3.2807,-8.715,-2.2132,-3.1004,-0.31608,-0.21551,0.0054273,-0.25202,0.19955,0.026359,-0.81632,1.8432,1.2243,-0.20023,0.12751,0.50083,0.34038,-0.066734,-0.24272,0.043911,0.12312,0.18873,0.0037013,0.10802,-0.0029606,0.02191,0.016546,0.098454,-0.1093,0.034673,0.08158,-0.060171,-0.15124,-0.053699,0.0074727,0.017789,0.083698,-0.02367,-0.077782,-0.054238,0.011436,0.041031,-0.02383,0.025204,-0.058401,-0.015568,-0.038324,0.0027408,-0.025791,0.11241,0.0028949,-0.0027658,0.01851,0.0033385,0.018266,-0.076863,-0.021787,0.021813,-0.056974,-0.02336,0.038984,-0.017419,0.020392,-0.02967,-0.013914,-0.015762,0.0019834,-0.023915,-0.003301,0.049479,-0.011092,-0.044794,-0.0080727,-0.040102,-0.010009,-0.059895,0.027454,-0.0037823,0.018623,0.051805,0.043583,-0.039161,0.010789,-0.019744,0.0016394,-0.074101,0.0039343,0.015042,0.011682,-0.020258,-0.0056871,-0.028178,0.012115,0.014768,0.011698,-0.011944,-0.023332,0.033744,0.0090182,-0.020564,0.013555,0.0071859,-0.024854,0.012066,0.005506,0.011559,-0.011312,-0.012444,-0.001604,-0.019836,-0.00429,-0.0077051,0.021649,-0.00013646,0.02867,-0.0026961,0.011622,0.015614,-0.020009,-0.0078339
-1.8374,7.167,1.9492,2.8252,0.20736,0.20961,0.15819,0.16138,-0.34569,0.47738,-0.13279,1.2243,2.3752,0.14464,-0.40016,-0.70818,-0.35885,-0.03596,0.1646,-0.10727,-0.15489,-0.2223,0.014277,-0.082008,-0.065567,0.039188,-0.079179,-0.068052,-0.050154,-0.19514,-0.23475,-0.081968,0.42278,-0.02516,-0.014963,-0.07449,-0.012971,0.11684,-0.10132,0.030786,-0.11882,-0.05255,-0.10706,-0.04827,-0.15617,-0.095503,-0.050874,-0.11343,0.0044222,0.059842,-0.065787,-0.090059,-0.0003064,-0.011838,0.058618,-0.024876,0.1249,0.065901,0.032489,0.067079,0.011591,-0.00033222,-0.02386,0.042908,-0.074815,0.015723,-0.02892,-0.012191,-0.0072496,0.010697,-0.0084318,-0.026749,0.0079928,-0.038956,-0.05568,0.068258,-0.022686,0.046857,-0.040366,0.037071,0.033799,-0.067527,-0.072118,-0.037863,-0.012665,-0.028165,0.064511,0.070022,-0.041047,0.074372,0.041328,0.057543,-0.012635,-0.023451,-0.0067409,0.027094,-0.029234,-1.1044e-05,-0.023673,0.038407,-0.0068939,0.030244,-0.036606,0.01669,0.005932,0.018154,0.033222,-0.0076153,-0.03004,0.0043706,-0.022894,-0.01568,0.02579,0.0028095,0.0029118,0.015692,-0.0096429,0.027849,0.026951,0.021271
1.5369,0.4078,0.70237,-0.27046,-0.072604,0.060498,-0.0041719,0.165,-0.53853,-0.20656,0.61643,-0.20023,0.14464,0.89111,-1.2408,0.63161,-0.13631,0.086614,0.25394,0.26787,-0.057721,-0.28741,-0.066042,-0.1244,-0.028495,-0.11025,-0.042136,-0.13587,0.042865,-0.1462,-0.19358,0.063638,0.29644,0.008771,0.024667,-0.007486,-0.051875,0.078575,0.0050669,0.066999,-0.050597,0.018191,-0.0060501,0.00052905,-0.020289,0.011026,0.0036873,-0.02681,0.0077169,-0.030715,0.032945,0.021411,-0.011135,0.0056283,0.048291,-0.073919,-0.064517,-0.0064242,0.033487,0.029975,-0.044415,0.03692,-0.008088,0.032664,-0.037985,-0.027424,0.033826,-0.025214,0.03523,0.0045313,-0.0010136,0.01486,-0.017938,-0.013541,-0.0089367,0.042996,-0.039037,0.011197,-0.013585,-0.0045701,-0.0094463,-0.0027801,-0.06689,-0.044557,-0.00032014,-0.00060522,0.063254,0.044247,-0.023309,0.048503,0.012987,0.02961,-0.024431,-0.025346,-0.017171,0.01492,-0.051716,-0.0051409,-0.020433,0.029625,0.014172,0.039366,0.010148,0.033504,-0.002985,0.0054535,0.0057812,-0.00017219,-0.0036766,0.010949,-0.00097328,-0.0048424,0.0271,0.0059868,0.020937,-0.019529,0.0272,0.01036,-0.022752,0.0091322
1.7331,-1.5472,-1.4609,1.6458,-0.028594,0.082475,-0.068307,-0.21749,0.74222,0.21228,-0.85313,0.12751,-0.40016,-1.2408,1.8212,-1.0516,0.18829,-0.10398,-0.37836,-0.30029,0.069245,0.44202,0.066815,0.15123,0.057767,0.18909,0.070149,0.2143,-0.08571,0.22497,0.34026,-0.091789,-0.48897,0.034856,-0.042843,0.051488,0.059688,-0.15744,0.018431,-0.087599,0.1203,-0.027539,0.015965,-0.014117,0.04229,-0.0012767,0.015338,0.031703,0.01314,0.017368,-0.041938,-0.048726,0.011786,-0.018483,-0.057934,0.12532,0.090604,-0.0080176,-0.031695,-0.049641,0.046229,-0.014692,0.0065082,-0.056355,0.055087,0.025524,-0.038996,0.047094,-0.044003,-0.012982,0.0052847,-0.018051,0.017941,0.027689,0.02621,-0.073033,0.060263,-0.032954,0.019847,0.0012868,0.0060236,0.0069028,0.096989,0.069942,-0.0015576,0.022776,-0.093243,-0.078817,0.048932,-0.073771,-0.018899,-0.032979,0.026279,0.03631,0.026443,-0.024189,0.066522,0.01141,0.024427,-0.041951,-0.017388,-0.055523,-0.015152,-0.048246,0.0027439,-0.0076018,-0.016477,0.0053904,0.0086152,-0.01611,0.0058598,-0.0016188,-0.036461,-0.0089826,-0.028511,0.02227,-0.027504,-0.016366,0.020989,-0.012045
-1.1438,-2.1,-0.081352,-1.8017,-0.07697,-0.20161,-0.06707,-0.17566,0.047472,-0.4873,0.11766,0.50083,-0.70818,0.63161,-1.0516,3.1875,0.74201,0.0334,-0.061286,-0.21864,0.26831,0.035815,0.011407,0.10515,-0.15428,-0.39249,-0.037867,-0.054351,0.036855,0.12252,-0.038757,-0.046544,-0.027835,-0.040242,0.091068,0.10256,0.1451,-0.0091942,-0.061723,-0.10109,-0.0089775,0.063589,0.039848,0.1122,0.11567,0.11603,0.069464,0.036262,-0.14221,0.12546,0.10385,0.2152,-0.019523,-0.054836,0.0203,-0.23244,-0.21982,-0.021558,-0.04427,-0.051689,0.0074472,-0.035501,0.04446,0.003422,-0.047353,-0.050371,0.0021917,-0.098496,-0.0089628,0.029499,0.0023846,-0.014855,0.024082,0.0080939,-0.01316,-0.0417,-0.021461,-0.0023072,0.010863,0.016421,-0.021121,0.023723,0.009818,-0.032126,-0.024952,-0.014133,0.010178,0.010498,-0.011001,-0.028253,-0.0063136,-0.036457,0.024273,-0.0058452,-0.0099992,0.0049901,-0.066282,0.058607,-0.0035777,-0.039413,-0.0021181,0.010336,0.012317,0.016608,0.012801,-9.6267e-06,-4.4659e-05,-0.0059853,0.0058465,0.0044349,-0.010059,0.0030818,0.016257,-0.013749,0.046556,-0.0089602,0.031044,0.032647,-0.032836,-0.013657
-0.37983,-1.0689,0.9063,-2.6611,-0.10341,-0.1079,-0.030727,-0.15054,0.24541,-0.15277,-0.35933,0.34038,-0.35885,-0.13631,0.18829,0.74201,0.43371,-0.006298,-0.18377,-0.16375,0.1439,0.21888,-0.039483,0.084574,-0.040185,-0.081218,0.051781,0.035388,-0.06262,0.1789,0.15203,-0.05251,-0.26892,0.010241,-0.016648,0.077039,0.059065,-0.095403,-0.0087473,-0.051716,0.091298,0.050276,0.024823,0.042935,0.045096,0.056289,0.03953,0.026321,-0.0307,0.051581,0.033468,0.049437,0.00035789,-0.02523,-0.0078029,-0.040698,-0.06928,-0.040105,-0.021952,-0.056328,0.016416,-0.0024791,0.030854,-0.019146,0.0079734,-0.011808,-0.0089525,-0.010155,0.0097367,0.009808,-0.00098168,-0.01699,-0.0072452,0.016702,0.026635,-0.065838,0.016822,-0.017198,0.015214,0.0082634,-0.0069407,0.0094837,0.037266,0.0039705,0.00086309,-0.0014333,-0.023919,-0.032677,0.031053,-0.039928,-0.011773,-0.02691,0.0070496,0.015683,0.0037323,-0.012629,-0.022161,0.028963,0.010224,-0.033387,0.0064666,-0.013112,-0.0019433,-0.01096,0.0032607,0.0064102,-0.015393,0.0065581,0.002099,-0.010127,0.0058734,-0.010923,0.0036372,-0.0070875,0.021461,-0.0018082,0.017375,-0.0085166,-0.026494,-0.0064824
-0.77166,0.42446,-2.1122,2.5256,0.11916,0.022579,0.012156,0.042776,-0.038097,-0.0052488,0.0406,-0.066734,-0.03596,0.086614,-0.10398,0.0334,-0.006298,0.075202,0.058275,-0.062787,-0.035658,-0.035549,-0.054549,0.002051,-0.014276,-0.0098371,0.036541,-0.058782,0.023095,-0.036431,-0.026063,0.05873,-0.019963,-0.052233,0.0036686,-0.030188,0.029638,-0.0086475,-0.007283,0.017077,-0.0098293,0.011106,0.0098748,0.0064895,-0.0016991,0.010997,0.011377,-0.011045,0.0029455,0.0016583,0.0025042,-0.0094486,0.00086486,-0.0072584,0.010929,0.010277,-0.027227,0.0094496,0.025913,0.00064498,0.0081811,0.015233,0.01099,0.0091512,-0.00053389,-0.025579,0.00032796,-0.010408,-0.0020997,-0.00072647,-0.0079096,0.0023935,-0.0065344,-0.0064603,0.0079715,-0.011357,-0.013653,-0.0036724,0.0098234,-0.0055339,-0.0043756,-0.015248,-0.0056621,-0.0014267,0.0072008,-0.043666,0.0017885,0.0061655,-0.0096301,-0.00032809,-0.011752,-0.014254,-0.011647,-0.0089413,0.0012503,0.0083508,-0.010193,-0.0025835,0.0039142,0.00059547,0.002186,0.0034143,0.0039303,0.0065571,-0.0035075,-0.0036962,-0.0060483,-0.0022242,0.0018767,-0.0030036,0.0026259,-0.0048339,0.010726,-0.0022496,0.0058407,-0.0010877,0.012811,-0.016619,-0.011702,0.0032726
1.0569,2.6449,1.5699,1.0451,0.029047,0.15776,0.0049248,0.11839,-0.19263,0.05137,0.28995,-0.24272,0.1646,0.25394,-0.37836,-0.061286,-0.18377,0.058275,0.30575,-0.34553,-0.28384,-0.17185,-0.080693,-0.065075,0.029929,0.011034,-0.025157,-0.077349,0.096325,-0.10104,-0.2029,0.039741,0.22764,-0.082221,-0.0071551,-0.096778,-0.019917,0.070987,-0.020043,0.047394,-0.10374,-0.0045587,-0.027209,-0.035528,-0.040589,-0.0345,-0.024638,-0.016345,-0.054247,0.0041765,-0.02766,-0.020291,-0.0039881,0.0050252,0.021625,-0.0073566,-0.0069658,0.043834,0.042259,0.034401,-0.0063209,-0.010722,0.0035727,0.039953,0.0025021,-0.031174,-0.014788,-0.02413,-0.0051134,-0.014731,-0.0043314,0.0029542,-0.0005926,-0.006486,-0.012314,0.04233,-0.007794,0.016215,0.00062105,-0.0086007,0.0025187,-0.01683,-0.033576,-0.010078,-0.0024494,-0.043606,0.026102,0.034184,-0.036099,0.024616,-0.007076,-0.0047903,-0.01244,-0.026898,-0.0081886,0.025888,-0.013465,-0.020008,-0.0044403,0.023905,0.0064135,0.012622,0.008685,0.014898,-0.0099277,0.0044353,0.011475,0.0010725,-0.015477,0.003607,0.00027674,-0.0017563,0.0098123,-0.0045498,-0.0031279,-0.0027109,-0.00018184,-0.012948,0.0039481,0.013244
-0.84324,1.9333,0.18112,1.0812,0.079735,0.016453,-0.010464,0.028348,-0.15993,-0.12357,0.18599,0.043911,-0.10727,0.26787,-0.30029,-0.21864,-0.16375,-0.062787,-0.34553,2.1347,0.7844,-0.18885,0.24981,0.043399,-0.055325,-0.050464,0.10953,-0.12268,-0.070817,-0.2646,0.031223,0.070313,0.13514,0.021581,0.097776,0.023998,0.032926,0.15907,0.082595,-0.04234,-0.003345,-0.078028,0.0501,0.1111,0.037946,0.0050482,0.043084,-0.098576,0.26445,-0.1331,0.0528,-0.0016114,0.027221,0.055958,0.0027333,0.044372,0.018065,-0.00017417,-0.11067,-0.014547,0.019201,-0.029606,-0.010831,-0.062891,-0.0416,0.076533,0.010261,0.0070023,-0.0052338,0.037455,-0.031758,0.014927,-0.021059,0.0040651,0.0020421,-0.039725,-0.034412,-0.011595,0.0062756,0.0037583,-0.0035219,-0.015454,0.012114,-0.047308,0.054411,-0.043513,0.019017,0.028835,0.0035916,0.023482,0.012016,0.018168,-0.014799,0.0038131,0.014359,-0.0015873,0.012133,-0.0084928,-0.0067784,0.0024576,-0.0051433,0.013281,0.01269,0.019892,0.0065829,-0.020815,-0.019044,-0.019212,0.036336,-0.0050312,-0.0011835,0.017606,0.010646,0.0066843,0.011474,-0.024759,-0.011438,0.04448,0.0080843,-0.033714
-2.88,1.8863,0.070119,0.47937,0.12409,-0.064354,0.0085453,-0.053731,0.10912,-0.050924,-0.11067,0.12312,-0.15489,-0.057721,0.069245,0.26831,0.1439,-0.035658,-0.28384,0.7844,0.5209,0.0067358,0.14657,0.1064,-0.12445,-0.1247,0.078744,-0.088814,-0.05751,0.018393,0.047266,-0.075686,-0.051427,-0.010105,0.017396,0.047287,0.077301,0.021035,0.020607,-0.077389,0.020645,-0.039731,0.034399,0.097996,0.02398,0.02796,0.026958,-0.0063163,0.096515,-0.014657,0.03589,0.03438,0.016946,0.012655,-0.022961,0.0044783,0.0034567,-0.020139,-0.056199,-0.028856,0.031879,-0.034371,0.0048575,-0.025842,-0.02684,0.054539,-0.021109,0.0037381,-0.0061077,0.014789,-0.015787,-0.0013403,0.00029088,0.012403,0.0067267,-0.038946,-0.025955,0.0078048,0.0040201,0.0090399,-0.0026794,0.00084258,0.027518,-0.012026,0.016189,-0.013679,-0.01742,-0.0080605,0.0024341,-0.014147,-0.0037846,-0.0049038,-0.0014464,0.011499,0.0062275,-0.0063519,0.0052229,0.0093837,0.0052292,-0.02439,-0.010011,-0.014898,-0.004623,-0.013578,0.0060784,-0.004062,-0.0042317,-0.0084881,0.010177,-0.0023913,-0.0063612,0.0042305,0.0024969,-0.0053716,0.0091159,0.0021752,-0.0013204,0.020392,0.0036434,-0.01484
-0.6307,-1.0157,-0.33835,-1.5187,-0.035336,-0.099664,0.0032015,-0.10577,0.23772,-0.010717,-0.34347,0.18873,-0.2223,-0.28741,0.44202,0.035815,0.21888,-0.035549,-0.17185,-0.18885,0.0067358,0.26625,-0.038324,0.0016247,0.035363,0.042446,0.0032168,0.14412,-0.10612,0.19884,0.21573,-0.065438,-0.25633,0.090213,-0.033804,0.10488,-0.016445,-0.12654,0.015566,-0.020294,0.12253,0.040234,0.037962,-0.011218,0.050247,0.038445,0.045187,0.024515,-0.014315,0.018717,0.023102,0.018232,-0.0083484,-0.021018,-0.017422,0.0054803,0.0039024,-0.043532,-0.017357,-0.042818,0.00080259,0.021024,0.0039456,-0.036882,0.011381,-0.021717,-0.00020851,0.031308,0.001938,-0.0021777,0.012499,-0.011498,0.0079671,0.0091325,0.027783,-0.061389,0.03706,-0.0090644,-0.0073285,0.010091,-0.0016883,0.01379,0.024728,0.022785,-0.014402,0.072133,-0.031693,-0.041642,0.044978,-0.025382,0.010301,0.0075164,0.020597,0.027487,0.0033599,-0.025772,-0.0034022,0.022628,0.0015903,-0.017654,0.0038371,-0.0081982,-0.013241,-0.018137,0.0094301,0.0026715,-0.016318,0.0062665,0.0091806,-0.012674,0.0055057,-0.0089214,-0.0020527,-0.00092453,0.0080926,0.0049799,0.014933,-0.013048,-0.01228,-0.0064402
-0.0044218,-1.1317,0.077652,0.48213,0.001396,-0.0080131,-0.025737,-0.024027,0.036232,0.0050957,0.017336,0.0037013,0.014277,-0.066042,0.066815,0.011407,-0.039483,-0.054549,-0.080693,0.24981,0.14657,-0.038324,0.12844,0.051079,-0.022689,-0.025905,-0.024804,0.0063618,0.0135,0.0083952,-0.040433,-0.10397,0.068789,0.014173,0.0059905,-0.00077986,0.016312,0.05458,-0.011755,-0.051593,-0.026679,-0.063595,-0.0079692,0.021499,-0.017354,-0.016048,-0.031599,0.016808,0.02205,-0.0059608,-0.0083778,-0.00096785,0.010795,0.018163,-0.014953,0.00029769,0.023777,-0.0037504,-0.014934,-0.0013741,-0.00041787,-0.022947,-0.010494,-0.0045572,-0.0062612,0.040229,-0.010092,-0.0060325,-0.017126,-0.0059404,-0.0060505,0.0071399,0.011927,0.004201,-0.015538,0.024714,-0.015826,0.0069091,-0.0024122,-0.00021783,0.00023149,0.016708,0.0043425,0.0037616,-0.0065997,0.022495,-0.0057181,0.0029981,-0.013299,-0.0019018,0.0049233,0.0045151,-0.00055112,0.0049407,0.00061276,-0.0015621,0.021543,-0.00024105,-0.0035771,-0.0032027,-0.011714,-0.0093182,-0.0057631,-0.0090524,0.00019456,0.0014063,0.014888,-0.0045617,-0.0041265,0.007946,-0.0082501,0.012115,-0.012521,0.00028279,-0.014908,0.0031054,-0.016999,0.019387,0.016101,-0.0073537
-0.53533,-0.010111,-0.3942,-0.27016,-0.0097884,-0.015746,0.0025861,-0.039381,0.074775,0.0011745,-0.12233,0.10802,-0.082008,-0.1244,0.15123,0.10515,0.084574,0.002051,-0.065075,0.043399,0.1064,0.0016247,0.051079,0.13256,-0.019977,-0.019145,0.044741,-0.034851,0.051899,0.020438,-0.042581,-0.10372,-0.1374,-0.07432,-0.0032017,-0.063456,0.066924,0.0026906,-0.01247,-0.052159,-0.024398,-0.015076,0.0043381,0.063731,-0.033439,-0.0043197,-0.032613,0.039663,0.016086,0.015118,-0.016065,0.0034755,0.023882,0.016736,-0.01435,-0.0018008,-0.031136,-0.0012606,0.0087596,-0.0095262,0.020687,-0.014487,0.0089201,-0.0078141,0.0086482,0.031918,-0.012295,0.0053807,-0.018783,-0.0067124,-0.0037276,-0.0067137,0.0087322,0.0075077,-0.0027743,-0.0073979,-0.0043029,0.0057848,0.034156,-0.012068,-0.0049578,0.00053889,0.019762,0.013437,0.012706,-0.068804,-0.017551,-0.01206,-0.0070716,-0.030358,-0.037921,-0.047666,-0.020206,-0.00012219,0.0027235,-0.005164,0.018465,-0.0023978,0.018197,-0.014331,0.0047068,-0.014062,-0.007041,-0.0091202,-0.0070049,0.008093,0.00099863,-0.001566,-0.010143,0.0034217,-8.7174e-05,0.004573,-0.0078786,-0.0029226,-0.0074849,0.0024277,-0.01031,0.0082115,-0.0015072,-0.0033991
-0.1214,-1.1538,0.35202,-2.0864,-0.055737,-0.09215,0.018542,-0.010259,-0.013777,-0.0023576,0.0023556,-0.0029606,-0.065567,-0.028495,0.057767,-0.15428,-0.040185,-0.014276,0.029929,-0.055325,-0.12445,0.035363,-0.022689,-0.019977,0.10947,0.079081,-0.018223,0.079339,-0.00052389,-0.00089033,0.047747,0.053066,-0.054827,0.016561,0.00064082,-0.028989,-0.015874,-0.017028,0.00051625,0.017454,0.035778,0.035219,-0.00093556,-0.018464,0.00050047,-0.0043223,-0.0021124,0.0068473,-0.012208,-0.011082,-0.016171,-0.013707,-0.0006299,0.013227,0.0031024,0.0019167,-0.0065356,0.0021684,-0.016479,0.0065611,0.003991,0.012956,-0.0083387,-0.020145,0.015143,-0.0078321,0.023874,0.019893,-0.0028584,-1.8452e-05,0.0076657,0.004485,0.0020382,-0.0068155,0.0074191,0.0053021,0.021147,-0.0027439,0.0078325,-0.0045011,0.0060826,0.00094099,0.0043591,0.0063086,0.0021515,0.0020714,-0.0031132,-0.0047963,0.014448,0.0047776,0.0022365,-0.00070081,0.003432,0.0017043,-0.0012389,-0.0091108,0.011673,-0.00058674,0.0052222,-4.92e-05,0.0088311,0.011802,-6.1857e-05,0.0053394,-0.0016239,0.0021084,-0.0069876,0.0021386,0.0048378,-0.002732,0.0077597,0.00846,-0.0033912,0.0056658,-0.0051646,-0.0072749,-0.0054304,-0.0065388,-0.0039429,-0.0015575
0.81643,-1.6675,-0.023639,0.053823,-0.026983,-0.0062696,-0.017187,-0.0050145,0.017391,0.018219,-0.053679,0.02191,0.039188,-0.11025,0.18909,-0.39249,-0.081218,-0.0098371,0.011034,-0.050464,-0.1247,0.042446,-0.025905,-0.019145,0.079081,0.12279,-0.006815,0.082746,-0.00095802,-0.019677,0.077301,0.074187,-0.11475,0.013455,0.00099371,-0.014445,-0.033828,-0.032693,0.02318,0.042318,0.028166,0.035529,0.0037799,-0.034345,-0.013532,-0.015734,-0.017056,-0.0012865,0.0015094,-0.011613,-0.027555,-0.046607,0.0020282,0.0080016,0.0039245,0.053524,0.035651,0.0082364,0.002436,-0.0034231,-0.0075068,0.031962,-0.0072636,-0.013239,0.016304,-1.7184e-05,0.02007,0.017509,-0.0049267,0.0025203,0.0053335,0.0031186,-0.01372,-0.0080276,0.0092149,0.0047354,0.016205,-0.013067,0.0060865,-0.0053746,0.0051638,-0.0039191,0.0054071,0.0045563,0.0090711,-0.002619,-0.0053565,-0.0072156,0.0071955,-0.0044275,-0.012249,-0.0052252,-0.0042947,0.0071342,-0.00023415,-0.014174,0.013385,-0.0045866,0.00078159,0.0054301,0.0061684,0.0080015,-0.0012718,0.0030957,-0.00012617,-0.0032918,-0.0088277,0.00041279,-9.3379e-05,-0.0022086,0.005773,0.0012886,-0.0089498,0.0038924,-0.0064154,-0.00084476,-0.013751,0.0036444,0.0039119,0.0022402
-0.64109,1.4589,-0.22869,0.65711,0.058676,0.022012,0.010719,0.003959,0.037699,-0.0063907,-0.066062,0.016546,-0.079179,-0.042136,0.070149,-0.037867,0.051781,0.036541,-0.025157,0.10953,0.078744,0.0032168,-0.024804,0.044741,-0.018223,-0.006815,0.080723,-0.062319,0.012315,-0.017275,0.016159,0.026862,-0.11057,-0.067022,-0.01017,-0.061874,0.031601,-0.0094731,0.0040744,-0.0049868,0.0065663,0.019499,0.018823,0.033115,-0.00010888,0.011031,0.016696,-0.024771,0.021458,-0.0078737,-0.011888,-0.0089418,0.0043529,-0.0045837,0.0015164,0.024941,-0.018701,0.011987,-0.014763,-0.016013,0.023998,-0.0011172,0.010764,-0.013116,-0.0059256,-0.0010783,-0.0064356,0.0014299,-0.010143,0.0052605,-0.0073791,-0.0077344,-0.0035735,0.0049125,0.010036,-0.029813,0.0054112,0.0028771,0.019357,-0.0067686,-0.0013624,-0.023837,0.01051,0.0032516,0.019375,-0.070149,-0.0042996,0.0011745,-0.0053895,-0.0060861,-0.02475,-0.030453,-0.013132,-0.0041691,0.0017153,0.0033748,-0.00073521,-0.0070779,0.011852,-0.0083371,0.0054689,0.0015811,0.00068848,0.0022296,-0.0033919,-0.0018263,-0.01048,-0.0025103,0.00046721,-0.0063707,0.0034574,-0.0027207,0.0057322,-0.0053337,0.0053711,0.002031,0.00094837,-0.0094688,-0.007544,-0.0024265
0.21259,-1.5272,-0.11316,-1.0748,-0.054627,-0.061216,-0.0059375,-0.050381,0.077296,-0.00015052,-0.11713,0.098454,-0.068052,-0.13587,0.2143,-0.054351,0.035388,-0.058782,-0.077349,-0.12268,-0.088814,0.14412,0.0063618,-0.034851,0.079339,0.082746,-0.062319,0.17802,-0.05913,0.10474,0.15862,0.0096497,-0.12144,0.11182,0.0010659,0.087043,-0.0512,-0.05369,0.019901,0.0031188,0.083162,0.03217,0.010925,-0.033876,0.023095,0.010683,0.00040314,0.01852,-0.035105,0.010033,0.0072153,0.00083082,-0.0047947,-0.0032985,-0.0069101,-0.0080766,0.021869,-0.025169,-0.010807,-0.002082,-0.021009,0.025129,-0.014218,-0.034008,0.0052013,0.01031,0.01946,0.02827,0.00070942,-0.00051434,0.016239,0.0038532,0.0049961,0.0011506,0.0076668,-0.014006,0.02478,-0.010806,-0.013423,0.0037514,0.00037759,0.024652,0.0059744,0.0067495,-0.011834,0.087938,-0.012308,-0.022847,0.03011,-0.0079995,0.014358,0.021886,0.017578,0.023481,0.0021903,-0.022422,0.011205,0.012462,-0.011058,-0.00019944,-0.0021398,0.0059499,-0.011029,-0.0072967,0.0087177,-0.00096694,-0.0056937,0.004212,0.0080127,-0.0014073,0.0025033,0.0029355,-0.014843,0.0070634,-0.006899,0.0021989,-0.0075666,0.012677,-0.00086307,-0.0048843
0.89465,-0.53918,0.0063403,0.67586,-0.021174,0.054653,-0.023584,0.021262,-0.047072,-0.019675,0.11095,-0.1093,-0.050154,0.042865,-0.08571,0.036855,-0.06262,0.023095,0.096325,-0.070817,-0.05751,-0.10612,0.0135,0.051899,-0.00052389,-0.00095802,0.012315,-0.05913,0.11835,-0.070381,-0.1193,-0.005239,0.012721,-0.096127,0.0066173,-0.098663,0.0083562,0.057545,-0.035823,0.00047107,-0.066146,-0.031176,-0.0019441,0.0013908,-0.023868,-0.018434,-0.058265,0.033195,-0.0069122,-0.0022587,-0.024483,-0.0034605,0.0086502,0.016231,-0.0047666,-0.0040165,-0.04214,0.0202,0.018318,0.0020341,-0.0046546,-0.020205,0.00078002,0.011922,0.0034095,0.013695,0.0025917,-0.019396,-0.012295,-0.0044,-0.0020056,0.00093903,-0.0029643,-0.0042568,-0.018453,0.04044,-0.011861,0.0032607,0.029304,-0.017764,0.0029563,0.0049973,-0.0083259,0.0051273,0.013125,-0.079636,0.017161,0.016735,-0.027287,-0.0026348,-0.027341,-0.034816,-0.014259,-0.015636,-0.0034418,0.0098788,0.016154,-0.016225,0.0097967,0.0062192,-0.0008403,0.005654,0.0090741,0.013026,-0.012922,-0.0024101,0.0077187,-0.0029453,-0.0052185,0.0070099,0.0011041,0.0016499,-0.0044264,-0.00074583,-0.0063013,-0.00032849,-0.0082013,-0.00090189,0.0087736,-0.0037544
-1.4534,0.068816,0.72521,-0.81157,0.032334,-0.06858,0.0020747,-0.054727,0.15669,-0.013563,-0.20406,0.034673,-0.19514,-0.1462,0.22497,0.12252,0.1789,-0.036431,-0.10104,-0.2646,0.018393,0.19884,0.0083952,0.020438,-0.00089033,-0.019677,-0.017275,0.10474,-0.070381,0.39102,0.059598,-0.37161,-0.18701,0.050272,-0.14112,0.076688,-0.068766,-0.10551,-0.015876,-0.029017,0.099629,0.0083939,0.041465,0.012767,-0.012599,0.019286,-0.053697,0.13155,-0.031536,0.016141,0.036971,0.032561,-0.0049584,0.029735,-0.039361,-0.033523,-0.0071221,-0.057221,-0.0019342,-0.044269,-0.00046894,-4.0438e-07,-0.0038871,-0.025851,-0.0048192,-0.037635,-0.039983,0.039271,-0.010682,-0.037923,0.013789,-0.014316,0.0097786,-0.0021319,0.029582,-0.035873,-0.0021363,0.045665,-0.014926,0.014875,0.01996,0.042837,-0.014149,0.040677,-0.046121,0.10592,-0.028648,-0.025745,0.0096209,-0.010115,0.0049641,0.0050391,0.017623,0.027717,-0.015399,-0.020405,-0.0067674,0.016685,-0.0030866,-0.018405,-0.0025528,-0.009843,-0.035752,-0.041625,0.00078,0.029769,0.015073,0.0071227,-0.022237,-0.0097409,0.0026861,-0.013823,-0.00054498,-0.0096504,-0.0056972,0.01213,0.026175,-0.014834,-0.014295,-0.0091811
-1.1308,0.27341,-0.1717,0.6749,0.074839,-0.04849,-0.023247,-0.049985,0.13142,-0.074001,-0.1746,0.08158,-0.23475,-0.19358,0.34026,-0.038757,0.15203,-0.026063,-0.2029,0.031223,0.047266,0.21573,-0.040433,-0.042581,0.047747,0.077301,0.016159,0.15862,-0.1193,0.059598,0.41862,0.35031,-0.33517,0.12929,0.038899,0.12633,-0.0064211,-0.12667,0.065503,0.011883,0.1978,0.12834,0.034913,-0.027243,0.070588,0.068757,0.070978,-0.017216,-0.029576,0.02278,0.0054374,-0.0022046,-0.012452,-0.03444,0.0021266,0.033548,0.028595,-0.03206,-0.061624,-0.024723,-0.010149,0.05595,-0.01771,-0.075235,-0.043692,0.039186,0.045393,0.032154,0.011171,0.037711,0.014361,0.0057801,-0.012207,0.0073485,0.028189,-0.06076,0.036508,-0.029566,-0.012501,0.0049498,0.0022813,-0.0026066,0.023098,-0.02008,0.029726,0.059054,-0.032788,-0.039117,0.041602,-0.0011844,0.010037,0.026778,0.0028528,0.03166,0.0055847,-0.03935,0.010491,0.019111,-0.0032527,-0.011049,-0.0015015,0.030566,-0.0069254,0.0078617,0.021854,-0.02635,-0.040609,0.0030978,0.03889,-0.0030662,0.0050132,-0.0036279,-0.010215,0.0072535,0.013307,0.0091922,-0.016881,0.017618,-0.010393,-0.0064754
-2.4452,3.685,-0.22865,1.8564,0.21009,-0.0080468,0.024625,0.040793,-0.036366,-0.010736,0.11279,-0.060171,-0.081968,0.063638,-0.091789,-0.046544,-0.05251,0.05873,0.039741,0.070313,-0.075686,-0.065438,-0.10397,-0.10372,0.053066,0.074187,0.026862,0.0096497,-0.005239,-0.37161,0.35031,1.3059,0.12376,-0.051289,0.24419,0.14525,0.13865,0.12405,0.088858,0.01117,0.056636,0.1871,-0.045729,-0.061654,0.072682,0.014055,-0.065647,0.094167,-0.1672,0.079301,-0.019913,-0.014584,-0.01837,0.027833,0.0024948,0.039134,0.026579,0.062984,-0.086748,0.063591,0.0086392,-0.040147,-0.0052094,-0.031959,-0.061353,0.14586,0.052013,-0.035814,0.08072,0.12075,-0.020102,0.045235,-0.086924,-0.023844,0.011483,-0.002052,-0.025949,-0.035592,0.012279,0.019395,0.066532,-0.0068044,0.011612,-0.15048,0.13126,-0.049214,-0.021877,0.019905,-0.017886,0.036113,-0.0032425,0.013533,-0.0055263,0.014567,0.032296,-0.003513,0.016058,-0.024961,-0.0020695,0.025468,0.0018626,0.053177,0.053243,0.074356,0.030451,-0.099435,-0.087279,-0.0078404,0.092344,-0.0001612,0.013887,0.0043243,0.0026539,0.015037,0.03606,0.0052761,-0.066664,0.017337,-0.015123,0.021504
1.3842,0.44735,0.066113,0.85995,-0.0029739,0.086768,0.018691,0.069374,-0.12196,0.15104,0.2657,-0.15124,0.42278,0.29644,-0.48897,-0.027835,-0.26892,-0.019963,0.22764,0.13514,-0.051427,-0.25633,0.068789,-0.1374,-0.054827,-0.11475,-0.11057,-0.12144,0.012721,-0.18701,-0.33517,0.12376,0.9825,0.024345,0.072498,0.10335,0.035849,0.3354,-0.034478,-0.13992,-0.24637,-0.24351,-0.076206,-0.05543,-0.036289,-0.090404,-0.05136,-0.0070776,-0.10167,0.038305,0.016055,-0.02312,-0.0077093,0.024793,0.0045158,-0.022564,0.072173,0.04817,0.028875,0.072534,-0.038491,-0.15042,0.0037722,0.065465,0.0098322,0.02843,-0.066968,-0.098928,0.050601,0.015835,-0.054992,0.031331,0.010234,-0.0022416,-0.046116,0.067129,-0.060383,0.027727,-0.056371,0.035655,0.016937,0.012799,-0.04596,-0.067006,-0.026523,0.11093,0.048179,0.076981,-0.058085,0.056669,0.097518,0.077574,0.030334,-0.02139,0.02541,0.070152,-0.028263,-0.010628,-0.035807,0.039902,-0.022283,-0.023547,0.034316,0.01927,0.006429,-0.01576,0.022233,-0.0018064,0.0070535,0.0043883,-0.01621,0.0061176,0.024004,-0.0059548,0.0064929,-0.015065,-0.0042817,-0.01639,0.014055,0.021963
0.73458,-1.0181,-0.29791,-0.85711,-0.082549,-0.009473,-0.010463,-0.0091268,-0.015086,-0.018979,-0.0067145,-0.053699,-0.02516,0.008771,0.034856,-0.040242,0.010241,-0.052233,-0.082221,0.021581,-0.010105,0.090213,0.014173,-0.07432,0.016561,0.013455,-0.067022,0.11182,-0.096127,0.050272,0.12929,-0.051289,0.024345,0.22664,0.0053513,0.095303,-0.092329,-0.038516,0.027339,0.095856,0.069527,0.053201,-0.013544,-0.024426,0.033814,0.017268,0.080232,-0.06371,0.032934,-0.021703,0.015544,0.014885,-0.01374,-0.043032,0.0074314,-0.015748,0.02862,-0.054062,0.023403,-0.0060262,-0.050021,0.043701,-0.016626,-0.014866,0.0033311,0.015077,0.016961,0.0082455,0.022296,-0.00020686,0.015711,0.004573,0.015086,0.024123,-0.0087926,-0.0061905,0.01239,-0.02231,-0.03847,-0.008219,-0.033911,0.020544,-0.0020259,0.012973,-0.021166,0.13257,-0.0042482,-0.015039,0.034253,0.0080976,0.04973,0.057407,0.010383,0.014861,0.012759,-0.0034533,-0.009783,0.016576,-0.027229,9.5837e-05,-0.0095729,-0.004118,-0.00085259,-0.0017803,0.014865,-0.0020148,0.0036107,0.0095738,0.006188,0.0058866,-0.0028006,-0.0017279,-0.012609,0.00762,-0.00575,-0.0027344,-0.0025223,0.01723,-0.0019718,-0.0060303
-0.23389,1.7517,-0.67059,0.36784,0.016621,0.039546,0.020828,0.011582,-0.026201,0.025813,0.033775,0.0074727,-0.014963,0.024667,-0.042843,0.091068,-0.016648,0.0036686,-0.0071551,0.097776,0.017396,-0.033804,0.0059905,-0.0032017,0.00064082,0.00099371,-0.01017,0.0010659,0.0066173,-0.14112,0.038899,0.24419,0.072498,0.0053513,0.10418,0.048622,0.070824,0.063322,0.020995,-0.081235,-0.023342,-0.037867,-0.0097984,0.0035573,0.029892,0.0072329,0.018084,-0.032034,-0.029246,0.013029,-0.0023332,0.0079698,0.00022376,-0.020603,0.0073651,-0.010564,-0.011404,0.0085312,0.0029412,0.02213,-0.00036419,-0.015108,0.0060401,0.0021419,-0.0059296,0.042533,0.0075816,-0.0049075,0.0086394,0.016174,-0.0031515,0.0094391,-0.0052667,0.010198,-0.0065769,-0.0067033,0.00018427,-0.021369,0.003193,-0.00413,-0.013033,-0.0086409,0.012267,-0.035391,0.028529,-0.010621,0.0031765,-0.0019726,0.0061242,-0.0032135,9.9827e-05,0.0021319,-0.0033895,5.0354e-05,0.011186,0.00062171,0.0024519,-0.0013408,-0.0027474,0.006436,0.0015525,0.0034641,0.014126,0.016594,0.0083446,-0.023275,-0.021204,-0.0014891,0.025854,0.0038269,-0.00031346,0.0048238,-0.0039396,0.0068326,0.0045527,-0.0015481,-0.013354,0.011027,0.00014409,0.0043548
